structure(list(ID = structure(c(8L, 7L, 6L, 5L, 4L, 3L, 2L, 1L, 
48L, 47L, 46L, 45L, 44L, 43L, 42L, 41L, 40L, 39L, 38L, 37L, 36L, 
35L, 34L, 33L, 32L, 31L, 30L, 29L, 28L, 27L, 26L, 25L, 24L, 23L, 
22L, 21L, 20L, 19L, 18L, 17L, 16L, 15L, 14L, 13L, 12L, 11L, 10L, 
9L), .Label = c("1005697337", "1005713902", "1006033191", "1007187637", 
"1022645191", "1023097722", "1025378315", "1029752118", "793805603", 
"800153680", "803056578", "805707702", "807219114", "808643499", 
"819132259", "825349342", "834361032", "838311393", "842189274", 
"845974798", "849025175", "856626764", "856920694", "858119841", 
"858178713", "858328621", "861237409", "881790548", "884268101", 
"884765699", "884776284", "889843776", "895998537", "897558281", 
"898200075", "900174710", "900254907", "900888619", "900944997", 
"901501703", "905088707", "906279982", "911121352", "912959721", 
"915826870", "917539284", "918221505", "925998656"), class = "factor"), 
    url = structure(c(30L, 27L, 44L, 36L, 28L, 43L, 41L, 42L, 
    7L, 46L, 35L, 47L, 32L, 48L, 37L, 45L, 12L, 16L, 17L, 14L, 
    15L, 3L, 13L, 10L, 6L, 19L, 20L, 38L, 9L, 8L, 22L, 1L, 40L, 
    23L, 29L, 18L, 11L, 25L, 31L, 2L, 39L, 33L, 26L, 24L, 5L, 
    34L, 21L, 4L), .Label = c("http://indianexpress.com/article/education/noida-govt-schools-perform-better-than-aided-schools-survey-5154309/", 
    "http://pib.nic.in/newsite/PrintRelease.aspx?relid=177665", 
    "http://www.asianage.com/metros/delhi/030718/aided-schools-situation-in-city-pathetic-says-delhi-high-court.html", 
    "http://www.asianage.com/metros/mumbai/150118/private-aided-schools-suffer-fund-shortage.html", 
    "http://www.deccanherald.com/content/657414/state-run-aided-schools-karnataka.html", 
    "http://www.dnaindia.com/india/report-heat-wave-all-govt-and-govt-aided-schools-in-west-bengal-to-be-closed-between-june-20-30-2626831", 
    "http://www.freepressjournal.in/mumbai/employees-of-private-aided-schools-cannot-seek-gratuity-from-bmc-says-bombay-high-court/1336370", 
    "http://www.freepressjournal.in/mumbai/mumbai-300-teachers-of-state-run-govt-aided-schools-protest-over-unfulfilled-demands-by-state/1269569", 
    "http://www.newindianexpress.com/cities/chennai/2018/jun/06/only-3-percent-of-students-who-cleared-test-are-from-tamil-nadu-government-or-aided-schools-1824352.html", 
    "http://www.newindianexpress.com/cities/chennai/2018/jun/29/chennai-girl-tops-state-medical-rank-list-only-12-students-from-government-aided-schools-in-top-3-1835332.html", 
    "http://www.newindianexpress.com/cities/kochi/2018/apr/08/pre-primary-teachers-in-aided-schools-on-the-warpath-1798537.html", 
    "http://www.newindianexpress.com/states/karnataka/2018/jul/02/backyards-of-government-aided-schools-in-dakshina-kannada-will-have-green-cover-1836865.html", 
    "http://www.newindianexpress.com/states/karnataka/2018/jul/02/backyards-of-government-aided-schools-in-dk-will-have-green-cover-1836865.html", 
    "http://www.newindianexpress.com/states/karnataka/2018/jul/06/28847-government-and-aided-schools-across-karnataka-to-be-shut-down-1839071.html", 
    "http://www.newindianexpress.com/states/karnataka/2018/jul/06/28847-govt-and-aided-schools-to-be-shut-down-1839071.html", 
    "http://www.newindianexpress.com/states/karnataka/2018/jul/07/karnataka-government-not-to-withhold-salaries-of-teachers-in-poorly-performing-aided-schools-1839594.html", 
    "http://www.newindianexpress.com/states/karnataka/2018/jul/07/karnataka-govt-not-to-withhold-salaries-of-teachers-in-poorly-performing-aided-schools-1839594.html", 
    "http://www.newindianexpress.com/states/kerala/2018/apr/13/kerala-hc-seeks-governments-view-on-aided-status-to-special-schools-in-private-sector-1800843.html", 
    "http://www.newindianexpress.com/states/tamil-nadu/2018/jun/11/not-a-single-st-student-from-government-or-aided-schools-likely-to-get-mbbs-seat-this-year-1826457.html", 
    "http://www.newindianexpress.com/states/tamil-nadu/2018/jun/11/not-a-single-st-student-from-govt-or-aided-schools-likely-to-get-mbbs-seat-this-year-1826457.html", 
    "http://www.thehindu.com/news/cities/bangalore/from-next-year-aided-schools-need-to-reserve-seats-under-rte-quota/article22515684.ece", 
    "http://www.thehindu.com/news/cities/Delhi/noida-govt-schools-fare-better-than-aided-schools/article23703958.ece", 
    "http://www.thehindu.com/news/cities/kozhikode/campaign-launched-to-boost-enrolment-in-govt-aided-schools/article23675993.ece", 
    "http://www.thehindu.com/news/national/karnataka/18000-more-rte-seats-in-aided-schools-this-year/article22662245.ece", 
    "http://www.thehindu.com/news/national/kerala/aided-schools-told-to-bear50-of-modernisation-cost/article23408064.ece", 
    "http://www.thehindu.com/news/national/kerala/govt-planning-online-system-for-teacher-postings-in-aided-schools/article22682551.ece", 
    "https://indianexpress.com/article/cities/mumbai/bmc-says-no-to-renting-out-shut-civic-school-premises-to-private-aided-schools-5506634/", 
    "https://scroll.in/latest/904016/lieutenant-governor-refusing-to-approve-release-of-funds-for-aided-schools-claims-puducherry-cm", 
    "https://swarajyamag.com/ideas/national-achievement-survey-the-sorry-state-of-learning-outcomes-in-government-aided-schools", 
    "https://swarajyamag.com/insta/new-curriculum-for-new-tripura-cabinet-gives-nod-to-ncert-books-in-all-state-run-and-aided-schools", 
    "https://timesofindia.indiatimes.com/city/chandigarh/poor-families-protest-annual-charges-collected-by-govt-aided-schools/articleshow/63457216.cms", 
    "https://timesofindia.indiatimes.com/city/chennai/govt-allows-aided-schools-to-begin-english-medium-sections/articleshow/65140621.cms", 
    "https://timesofindia.indiatimes.com/city/coimbatore/govt-aided-schools-in-dist-need-to-fix-gap-in-learning-outcomes/articleshow/63050540.cms", 
    "https://timesofindia.indiatimes.com/city/goa/in-govt-aided-schools-state-reserves-10-seats-for-itself/articleshow/62701472.cms", 
    "https://timesofindia.indiatimes.com/city/mumbai/maharashtra-likely-to-update-fees-of-aided-schools-junior-colleges/articleshow/65236809.cms", 
    "https://timesofindia.indiatimes.com/city/nagpur/aided-schools-may-outsource-mdm-work-to-women-shgs/articleshow/67168742.cms", 
    "https://timesofindia.indiatimes.com/city/thiruvananthapuram/dip-in-number-of-excess-teachers-in-government-aided-schools/articleshow/65004004.cms", 
    "https://timesofindia.indiatimes.com/city/thiruvananthapuram/over-1-6-lakh-new-students-join-govt-aided-schools/articleshow/64524706.cms", 
    "https://timesofindia.indiatimes.com/videos/city/mumbai/maharashtra-9500-government-aided-schools-seek-nocs-to-switch-boards/videoshow/63173805.cms", 
    "https://timesofindia.indiatimes.comhome/education/news/noida-govt-schools-perform-better-than-aided-schools-survey/articleshow/63942162.cms", 
    "https://www.business-standard.com/article/pti-stories/maha-govt-to-give-grants-to-unaided-partially-aided-schools-118112801358_1.html", 
    "https://www.latestly.com/agency-news/maha-govt-to-give-grants-to-unaided-partially-aided-schools-511734.html", 
    "https://www.moneycontrol.com/news/india/maharashtra-govt-to-give-grants-to-unaided-partially-aided-schools-3232051.html", 
    "https://www.thehindu.com/news/cities/Kochi/green-contest-awards-for-govt-aided-schools/article25789970.ece", 
    "https://www.thehindu.com/news/cities/Madurai/plea-seeks-english-medium-in-aided-schools/article24413497.ece", 
    "https://www.thehindu.com/news/cities/puducherry/teachers-staff-of-aided-schools-protest/article24589121.ece", 
    "https://www.thehindu.com/news/national/karnataka/poor-response-to-rte-quota-in-aided-schools/article24556372.ece", 
    "https://www.thehindu.com/news/national/kerala/teaching-quality-in-aided-schools-to-be-raised/article24498045.ece"
    ), class = "factor"),