structure(list(ID = structure(c(5L, 4L, 3L, 2L, 1L, 30L, 29L, 
28L, 27L, 26L, 25L, 24L, 23L, 22L, 21L, 20L, 19L, 18L, 17L, 16L, 
15L, 14L, 13L, 12L, 11L, 10L, 9L, 8L, 7L, 6L), .Label = c("1006019857", 
"1008044604", "1021911549", "1024014973", "1025310612", "809466038", 
"814432530", "832348036", "839501446", "839737681", "842099815", 
"855284739", "871931074", "885669331", "889282093", "890568578", 
"893434899", "897640597", "916704580", "921023955", "927763456", 
"928450361", "928461760", "935183446", "937938072", "937983227", 
"938145547", "948381945", "957332198", "963924953"), class = "factor"), 
    url = structure(c(30L, 22L, 14L, 13L, 19L, 12L, 16L, 2L, 
    5L, 23L, 18L, 11L, 21L, 9L, 8L, 6L, 7L, 25L, 24L, 3L, 27L, 
    28L, 17L, 26L, 10L, 29L, 20L, 4L, 15L, 1L), .Label = c("http://indianexpress.com/article/cities/delhi/delhi-sealing-drive-school-sealed-children-forced-to-study-in-open-5056753/", 
    "http://www.apnlive.com/world-news/yemen-children-face-death-malnutrition-forced-eat-wax-leaves-49554", 
    "http://www.centralchronicle.com/children-forced-to-clean-instead-of-studying-at-schools.html", 
    "http://www.firstpost.com/india/kolkata-school-that-forced-students-to-confess-to-lesbianism-exemplifies-how-not-to-treat-queer-children-4391763.html", 
    "http://www.madhayamam.com/en/international/2018/sep/3/phone-ban-school-french-children-forced-hang", 
    "http://www.newindianexpress.com/states/karnataka/2018/aug/08/koppal-school-children-forced-to-wash-physical-education-teachers-clothes-1854805.html", 
    "http://www.newindianexpress.com/states/telangana/2018/aug/01/children-given-hormone-shots-forced-into-sex-trade-1851440.html", 
    "http://www.newindianexpress.com/thesundaystandard/2018/aug/19/children-forced-to-cook-do-chores-1859543.html", 
    "http://www.sify.com/news/australia-urged-to-free-children-from-forced-detention-news-others-siuqUKfbhdhbj.html", 
    "http://www.sify.com/news/uttar-pradesh-children-forced-to-carry-fathers-corpse-on-cart-news-national-sebpDDghcagbe.html", 
    "http://www.timesnownews.com/mirror-now/in-focus/article/ludhiana-phullanwal-chaibasa-jharkhand-30-children-missing-paksin-mary-cross-child-shelter-home-musa-religious-conversion-human-trafficking/277212", 
    "https://article.wn.com/view/2018/10/08/The_6000_kick_in_the_teeth_Parents_forced_to_pay_out_for_chi/", 
    "https://bobrtimes.com/agent-seleznev-was-transferred-to-the-reserves-and-forced-to-keep-fit-in-the-garden-with-children/155062/", 
    "https://swarajyamag.com/insta/ground-reality-of-delhi-children-forced-to-sit-on-floors-in-sdmc-schools-due-to-lack-of-funds", 
    "https://timesofindia.indiatimes.com/city/gurgaon/pregnant-woman-children-among-63-rescued-from-forced-labour-by-administration-in-mewat/articleshow/62952643.cms", 
    "https://timesofindia.indiatimes.com/city/kolkata/children-of-schoolbus-attackers-forced-to-stay-away-from-school/articleshow/66001405.cms", 
    "https://timesofindia.indiatimes.com/entertainment/english/hollywood/news/armie-hammer-was-forced-to-cook-after-childrens-birth/articleshow/64253582.cms", 
    "https://timesofindia.indiatimes.com/world/europe/phone-ban-at-school-french-children-forced-to-hang-up/articleshow/65654784.cms", 
    "https://www.abplive.in/videos/why-are-children-forced-to-go-to-tuition-ghanti-bajao-785441", 
    "https://www.aninews.in/news/uttar-pradesh-children-forced-to-carry-fathers-corpse-on-cart201803280115320001/", 
    "https://www.business-standard.com/article/news-ians/australia-urged-to-free-children-from-forced-detention-118082000640_1.html", 
    "https://www.business-standard.com/article/pti-stories/3-children-rescued-from-forced-labour-in-j-k-s-udhampur-118122101049_1.html", 
    "https://www.business-standard.com/article/pti-stories/phone-ban-at-school-french-children-forced-to-hang-up-118090300364_1.html", 
    "https://www.businessinsider.in/children-are-being-forced-to-recite-the-pledge-of-allegiance-to-a-country-that-separated-them-from-their-parents/articleshow/64729868.cms", 
    "https://www.businessinsider.in/immigrant-families-are-being-forced-to-pay-massive-airfares-to-reunite-with-children-separated-by-the-trump-administration/articleshow/64821944.cms", 
    "https://www.firstpost.com/india/in-maharashtra-children-of-migrant-sugarcane-field-workers-are-forced-to-skip-half-their-classes-every-year-4443007.html", 
    "https://www.firstpost.com/world/us-democrats-expand-campaign-to-fight-forced-separation-of-migrant-children-from-families-at-mexico-border-4531291.html", 
    "https://www.indiatoday.in/fyi/story/world-day-against-child-labour-over-152-million-children-are-forced-to-work-for-a-living-1258140-2018-06-12", 
    "https://www.mid-day.com/articles/children-forced-to-carry-fathers-corpse-on-cart-in-uttar-pradesh/19256174", 
    "https://www.thehindu.com/news/cities/chennai/children-forced-to-skip-school/article25815548.ece"
    ), class = "factor"), details = list(structure(list(), .Names = character(0), row.names = integer(0), class = "data.frame"), 
        structure(list(), .Names = character(0), row.names = integer(0), class = "data.frame"), 
        structure(list(), .Names = character(0), row.names = integer(0), class = "data.frame"), 
        structure(list(), .Names = character(0), row.names = integer(0), class = "data.frame"), 
        structure(list(), .Names = character(0), row.names = integer(0), class = "data.frame"), 
        structure(list(), .Names = character(0), row.names = integer(0), class = "data.frame"), 
        structure(list(uri = "kamalendu_bhadra@timesofindia.indiatimes.com", 
            name = "Kamalendu Bhadra", type = "author", isAgency = FALSE), class = "data.frame", row.names = 1L), 
        structure(list(uri = "apn_live@apnlive.com", name = "Apn Live", 
            type = "author", isAgency = FALSE), class = "data.frame", row.names = 1L), 
        structure(list(), .Names = character(0), row.names = integer(0), class = "data.frame"), 
        structure(list(uri = "associated_press@business-standard.com", 
            name = "Associated Press", type = "author", isAgency = TRUE), class = "data.frame", row.names = 1L), 
        structure(list(uri = "associated_press@timesofindia.indiatimes.com", 
            name = "Associated Press", type = "author", isAgency = TRUE), class = "data.frame", row.names = 1L), 
        structure(list(), .Names = character(0), row.names = integer(0), class = "data.frame"), 
        structure(list(), .Names = character(0), row.names = integer(0), class = "data.frame"), 
        structure(list(), .Names = character(0), row.names = integer(0), class = "data.frame"), 
        structure(list(), .Names = character(0), row.names = integer(0), class = "data.frame"), 
        structure(list(), .Names = character(0), row.names = integer(0), class = "data.frame"), 
        structure(list(), .Names = character(0), row.names = integer(0), class = "data.frame"), 
        structure(list(), .Names = character(0), row.names = integer(0), class = "data.frame"), 
        structure(list(), .Names = character(0), row.names = integer(0), class = "data.frame"), 
        structure(list(), .Names = character(0), row.names = integer(0), class = "data.frame"), 
        structure(list(), .Names = character(0), row.names = integer(0), class = "data.frame"), 
        structure(list(), .Names = character(0), row.names = integer(0), class = "data.frame"), 
        structure(list(), .Names = character(0), row.names = integer(0), class = "data.frame"), 
        structure(list(), .Names = character(0), row.names = integer(0), class = "data.frame"), 
        structure(list(), .Names = character(0), row.names = integer(0), class = "data.frame"), 
        structure(list(), .Names = character(0), row.names = integer(0), class = "data.frame"), 
        structure(list(), .Names = character(0), row.names = integer(0), class = "data.frame"), 
        structure(list(), .Names = character(0), row.names = integer(0),