structure(list(ID = structure(c(28L, 27L, 26L, 25L, 24L, 23L, 
22L, 21L, 20L, 19L, 18L, 17L, 16L, 15L, 14L, 13L, 12L, 11L, 10L, 
9L, 8L, 7L, 6L, 5L, 4L, 3L, 2L, 1L, 100L, 99L, 98L, 97L, 96L, 
95L, 94L, 93L, 92L, 91L, 90L, 89L, 88L, 87L, 86L, 85L, 84L, 83L, 
82L, 81L, 80L, 79L, 78L, 77L, 76L, 75L, 74L, 73L, 72L, 71L, 70L, 
69L, 68L, 67L, 66L, 65L, 64L, 63L, 62L, 61L, 60L, 59L, 58L, 57L, 
56L, 55L, 54L, 53L, 52L, 51L, 50L, 49L, 48L, 47L, 46L, 45L, 44L, 
43L, 42L, 41L, 40L, 39L, 38L, 37L, 36L, 35L, 34L, 33L, 32L, 31L, 
30L, 29L, 28L, 27L, 26L, 25L, 24L, 23L, 22L, 21L, 20L, 19L, 18L, 
17L, 16L, 15L, 14L, 13L, 12L, 11L, 10L, 9L, 8L, 7L, 6L, 5L, 4L, 
3L, 2L, 1L, 100L, 99L, 98L, 97L, 96L, 95L, 94L, 93L, 92L, 91L, 
90L, 89L, 88L, 87L, 86L, 85L, 84L, 83L, 82L, 81L, 80L, 79L, 78L, 
77L, 76L, 75L, 74L, 73L, 72L, 71L, 70L, 69L, 68L, 67L, 66L, 65L, 
64L, 63L, 62L, 61L, 60L, 59L, 58L, 57L, 56L, 55L, 54L, 53L, 52L, 
51L, 50L, 49L, 48L, 47L, 46L, 45L, 44L, 43L, 42L, 41L, 40L, 39L, 
38L, 37L, 36L, 35L, 34L, 33L, 32L, 31L, 30L, 29L, 28L, 27L, 26L, 
25L, 24L, 23L, 22L, 21L, 20L, 19L, 18L, 17L, 16L, 15L, 14L, 13L, 
12L, 11L, 10L, 9L, 8L, 7L, 6L, 5L, 4L, 3L, 2L, 1L, 100L, 99L, 
98L, 97L, 96L, 95L, 94L, 93L, 92L, 91L, 90L, 89L, 88L, 87L, 86L, 
85L, 84L, 83L, 82L, 81L, 80L, 79L, 78L, 77L, 76L, 75L, 74L, 73L, 
72L, 71L, 70L, 69L, 68L, 67L, 66L, 65L, 64L, 63L, 62L, 61L, 60L, 
59L, 58L, 57L, 56L, 55L, 54L, 53L, 52L, 51L, 50L, 49L, 48L, 47L, 
46L, 45L, 44L, 43L, 42L, 41L, 40L, 39L, 38L, 37L, 36L, 35L, 34L, 
33L, 32L, 31L, 30L, 29L), .Label = c("1002039456", "1003177459", 
"1004346512", "1006959524", "1011679835", "1011718630", "1011721225", 
"1011753533", "1011804836", "1011834510", "1011834912", "1011891390", 
"1011900047", "1012223430", "1012240406", "1012348419", "1013352785", 
"1013425313", "1013534559", "1013556440", "1013609073", "1013624928", 
"1014558180", "1015347962", "1020093937", "1024185037", "1024993838", 
"1027402787", "913838266", "920505208", "921179516", "924013788", 
"924044156", "924058412", "924409165", "924929916", "925829875", 
"929667685", "930798252", "930890236", "931203206", "931539813", 
"931597778", "936998338", "937258370", "939353489", "940197292", 
"947295121", "949661774", "950734315", "951621784", "957279212", 
"957523283", "959477583", "961907153", "962668843", "963191431", 
"965135460", "979561267", "979914150", "980032237", "980038829", 
"980096378", "980098832", "980103208", "980104594", "980105043", 
"980226605", "980250809", "980258422", "980285609", "980304304", 
"980380872", "980472589", "980571991", "980683502", "982031671", 
"985437183", "985460071", "985671603", "985797942", "985798133", 
"985842245", "985891734", "985900869", "985912312", "985914073", 
"985941678", "986253924", "986420932", "986474605", "992526512", 
"992686724", "994749671", "994764880", "994773991", "994796668", 
"995465427", "997818029", "997867394"), class = "factor"), url = structure(c(65L, 
59L, 98L, 32L, 53L, 22L, 99L, 58L, 92L, 55L, 29L, 28L, 2L, 48L, 
74L, 76L, 56L, 72L, 90L, 38L, 10L, 42L, 39L, 79L, 23L, 93L, 35L, 
27L, 78L, 61L, 6L, 43L, 12L, 75L, 40L, 89L, 84L, 21L, 20L, 8L, 
57L, 44L, 85L, 13L, 41L, 19L, 17L, 50L, 7L, 77L, 60L, 81L, 4L, 
66L, 83L, 80L, 100L, 86L, 70L, 26L, 54L, 97L, 87L, 46L, 73L, 
88L, 45L, 11L, 96L, 16L, 3L, 51L, 34L, 30L, 82L, 64L, 9L, 33L, 
69L, 18L, 47L, 24L, 31L, 15L, 49L, 63L, 5L, 67L, 37L, 36L, 68L, 
25L, 71L, 1L, 52L, 95L, 91L, 94L, 14L, 62L, 65L, 59L, 98L, 32L, 
53L, 22L, 99L, 58L, 92L, 55L, 29L, 28L, 2L, 48L, 74L, 76L, 56L, 
72L, 90L, 38L, 10L, 42L, 39L, 79L, 23L, 93L, 35L, 27L, 78L, 61L, 
6L, 43L, 12L, 75L, 40L, 89L, 84L, 21L, 20L, 8L, 57L, 44L, 85L, 
13L, 41L, 19L, 17L, 50L, 7L, 77L, 60L, 81L, 4L, 66L, 83L, 80L, 
100L, 86L, 70L, 26L, 54L, 97L, 87L, 46L, 73L, 88L, 45L, 11L, 
96L, 16L, 3L, 51L, 34L, 30L, 82L, 64L, 9L, 33L, 69L, 18L, 47L, 
24L, 31L, 15L, 49L, 63L, 5L, 67L, 37L, 36L, 68L, 25L, 71L, 1L, 
52L, 95L, 91L, 94L, 14L, 62L, 65L, 59L, 98L, 32L, 53L, 22L, 99L, 
58L, 92L, 55L, 29L, 28L, 2L, 48L, 74L, 76L, 56L, 72L, 90L, 38L, 
10L, 42L, 39L, 79L, 23L, 93L, 35L, 27L, 78L, 61L, 6L, 43L, 12L, 
75L, 40L, 89L, 84L, 21L, 20L, 8L, 57L, 44L, 85L, 13L, 41L, 19L, 
17L, 50L, 7L, 77L, 60L, 81L, 4L, 66L, 83L, 80L, 100L, 86L, 70L, 
26L, 54L, 97L, 87L, 46L, 73L, 88L, 45L, 11L, 96L, 16L, 3L, 51L, 
34L, 30L, 82L, 64L, 9L, 33L, 69L, 18L, 47L, 24L, 31L, 15L, 49L, 
63L, 5L, 67L, 37L, 36L, 68L, 25L, 71L, 1L, 52L, 95L, 91L, 94L, 
14L, 62L),