structure(list(ID = structure(c(1L, 67L, 66L, 65L, 64L, 63L, 
62L, 61L, 60L, 59L, 58L, 57L, 56L, 55L, 54L, 53L, 52L, 51L, 50L, 
49L, 48L, 47L, 46L, 45L, 44L, 43L, 42L, 41L, 40L, 39L, 38L, 37L, 
36L, 34L, 35L, 33L, 32L, 31L, 30L, 29L, 28L, 27L, 26L, 25L, 24L, 
23L, 22L, 21L, 20L, 19L, 18L, 17L, 16L, 15L, 14L, 13L, 12L, 11L, 
10L, 9L, 8L, 7L, 6L, 5L, 4L, 3L, 2L, 101L, 100L, 99L, 98L, 97L, 
96L, 95L, 94L, 93L, 92L, 91L, 90L, 89L, 88L, 87L, 86L, 85L, 84L, 
83L, 82L, 81L, 80L, 79L, 78L, 77L, 76L, 75L, 74L, 73L, 72L, 71L, 
70L, 69L, 68L, 67L, 66L, 65L, 64L, 63L, 62L, 61L, 60L, 59L, 58L, 
57L, 56L, 55L, 54L, 53L, 52L, 51L, 50L, 49L, 48L, 47L, 46L, 45L, 
44L, 43L, 42L, 41L, 40L, 39L, 38L, 37L, 36L, 34L, 35L, 33L, 32L, 
31L, 30L, 29L, 28L, 27L, 26L, 25L, 24L, 23L, 22L, 21L, 20L, 19L, 
18L, 17L, 16L, 15L, 14L, 13L, 12L, 11L, 10L, 9L, 8L, 7L, 6L, 
5L, 4L, 3L, 2L, 101L, 100L, 99L, 98L, 97L, 96L, 95L, 94L, 93L, 
92L, 91L, 90L, 89L, 88L, 87L, 86L, 85L, 84L, 83L, 82L, 81L, 80L, 
79L, 78L, 77L, 76L, 75L, 74L, 73L, 72L, 71L, 70L, 69L, 68L, 67L, 
66L, 65L, 64L, 63L, 62L, 61L, 60L, 59L, 58L, 57L, 56L, 55L, 54L, 
53L, 52L, 51L, 50L, 49L, 48L, 47L, 46L, 45L, 44L, 43L, 42L, 41L, 
40L, 39L, 38L, 37L, 36L, 34L, 35L, 33L, 32L, 31L, 30L, 29L, 28L, 
27L, 26L, 25L, 24L, 23L, 22L, 21L, 20L, 19L, 18L, 17L, 16L, 15L, 
14L, 13L, 12L, 11L, 10L, 9L, 8L, 7L, 6L, 5L, 4L, 3L, 2L, 101L, 
100L, 99L, 98L, 97L, 96L, 95L, 94L, 93L, 92L, 91L, 90L, 89L, 
88L, 87L, 86L, 85L, 84L, 83L, 82L, 81L, 80L, 79L, 78L, 77L, 76L, 
75L, 74L, 73L, 72L, 71L, 70L, 69L, 68L), .Label = c("981336937", 
"1000510164", "1000740314", "1006015478", "1006062097", "1007500393", 
"1007524095", "1008184325", "1008446808", "1008459069", "1008486373", 
"1009867329", "1010950694", "1011656176", "1013696829", "1015526289", 
"1015526915", "1015556800", "1015669276", "1016014301", "1016019165", 
"1016028958", "1016029593", "1016352997", "1016386746", "1016556466", 
"1016954343", "1017264957", "1017398434", "1017715974", "1017823401", 
"1017824846", "1017856853", "1017901004", "1017901413", "1018201031", 
"1018498206", "1019000739", "1019032459", "1019089498", "1019099474", 
"1019114693", "1019119992", "1019333741", "1019572034", "1019582247", 
"1019600201", "1019605517", "1019619466", "1019625026", "1019890066", 
"1020492312", "1020506350", "1020573600", "1020710304", "1020779975", 
"1021493959", "1022389115", "1022714537", "1023258182", "1026378627", 
"1026402182", "1026909945", "1026912523", "1026921495", "1029135261", 
"1029194956", "961292271", "961434975", "962563768", "962702873", 
"962752443", "963177956", "964075324", "964581515", "965477791", 
"966004952", "969856483", "971088558", "976394104", "978558812", 
"981519844", "981896242", "981898417", "981905176", "981987058", 
"982020982", "982061226", "982073816", "984397081", "986689101", 
"987089701", "989314310", "989321681", "992686664", "993219628", 
"994776401", "996724360", "997589984", "997915746", "998664837"
), class = "factor"), url = structure(c(1L, 35L, 27L, 54L, 21L, 
50L, 63L, 25L, 46L, 78L, 101L, 100L, 14L, 11L, 64L, 85L, 57L, 
66L, 20L, 53L, 92L, 49L, 86L, 88L, 41L, 55L, 23L, 96L, 51L, 89L, 
37L, 60L, 43L, 7L, 79L, 47L, 73L, 45L, 74L, 44L, 84L, 12L, 97L, 
42L, 67L, 19L, 52L, 48L, 81L, 68L, 69L, 70L, 82L, 95L, 15L, 38L, 
34L, 91L, 62L, 59L, 93L, 94L, 29L, 40L, 33L, 2L, 99L, 77L, 72L, 
6L, 32L, 36L, 83L, 30L, 90L, 71L, 10L, 65L, 76L, 75L, 28L, 58L, 
80L, 87L, 56L, 24L, 98L, 4L, 39L, 13L, 26L, 61L, 9L, 31L, 5L, 
3L, 16L, 17L, 8L, 18L, 22L, 35L, 27L, 54L, 21L, 50L, 63L, 25L, 
46L, 78L, 101L, 100L, 14L, 11L, 64L, 85L, 57L, 66L, 20L, 53L, 
92L, 49L, 86L, 88L, 41L, 55L, 23L, 96L, 51L, 89L, 37L, 60L, 43L, 
7L, 79L, 47L, 73L, 45L, 74L, 44L, 84L, 12L, 97L, 42L, 67L, 19L, 
52L, 48L, 81L, 68L, 69L, 70L, 82L, 95L, 15L, 38L, 34L, 91L, 62L, 
59L, 93L, 94L, 29L, 40L, 33L, 2L, 99L, 77L, 72L, 6L, 32L, 36L, 
83L, 30L, 90L, 71L, 10L, 65L, 76L, 75L, 28L, 58L, 80L, 87L, 56L, 
24L, 98L, 4L, 39L, 13L, 26L, 61L, 9L, 31L, 5L, 3L, 16L, 17L, 
8L, 18L, 22L, 35L, 27L, 54L, 21L, 50L, 63L, 25L, 46L, 78L, 101L, 
100L, 14L, 11L, 64L, 85L, 57L, 66L, 20L, 53L, 92L, 49L, 86L, 
88L, 41L, 55L, 23L, 96L, 51L, 89L, 37L, 60L, 43L, 7L, 79L, 47L, 
73L, 45L, 74L, 44L, 84L, 12L, 97L, 42L, 67L, 19L, 52L, 48L, 81L, 
68L, 69L, 70L, 82L, 95L, 15L, 38L, 34L, 91L, 62L, 59L, 93L, 94L, 
29L, 40L, 33L, 2L, 99L, 77L, 72L, 6L, 32L, 36L, 83L, 30L, 90L, 
71L, 10L, 65L, 76L, 75L, 28L, 58L, 80L, 87L, 56L, 24L, 98L, 4L, 
39L, 13L, 26L, 61L, 9L, 31L, 5L, 3L, 16L, 17L, 8L, 18L, 22L),