structure(list(ID = structure(c(25L, 24L, 23L, 22L, 21L, 20L, 
19L, 18L, 17L, 16L, 15L, 14L, 13L, 12L, 11L, 10L, 9L, 8L, 7L, 
6L, 5L, 4L, 3L, 2L, 1L, 100L, 99L, 98L, 97L, 96L, 95L, 94L, 93L, 
92L, 91L, 90L, 89L, 88L, 87L, 86L, 85L, 84L, 83L, 82L, 81L, 80L, 
79L, 78L, 77L, 76L, 75L, 74L, 73L, 72L, 71L, 70L, 69L, 68L, 67L, 
66L, 65L, 64L, 63L, 62L, 61L, 60L, 59L, 58L, 57L, 56L, 55L, 54L, 
53L, 52L, 51L, 50L, 49L, 48L, 47L, 46L, 45L, 44L, 43L, 42L, 41L, 
40L, 39L, 38L, 37L, 36L, 35L, 34L, 33L, 32L, 31L, 30L, 29L, 28L, 
27L, 26L, 25L, 24L, 23L, 22L, 21L, 20L, 19L, 18L, 17L, 16L, 15L, 
14L, 13L, 12L, 11L, 10L, 9L, 8L, 7L, 6L, 5L, 4L, 3L, 2L, 1L, 
100L, 99L, 98L, 97L, 96L, 95L, 94L, 93L, 92L, 91L, 90L, 89L, 
88L, 87L, 86L, 85L, 84L, 83L, 82L, 81L, 80L, 79L, 78L, 77L, 76L, 
75L, 74L, 73L, 72L, 71L, 70L, 69L, 68L, 67L, 66L, 65L, 64L, 63L, 
62L, 61L, 60L, 59L, 58L, 57L, 56L, 55L, 54L, 53L, 52L, 51L, 50L, 
49L, 48L, 47L, 46L, 45L, 44L, 43L, 42L, 41L, 40L, 39L, 38L, 37L, 
36L, 35L, 34L, 33L, 32L, 31L, 30L, 29L, 28L, 27L, 26L, 25L, 24L, 
23L, 22L, 21L, 20L, 19L, 18L, 17L, 16L, 15L, 14L, 13L, 12L, 11L, 
10L, 9L, 8L, 7L, 6L, 5L, 4L, 3L, 2L, 1L, 100L, 99L, 98L, 97L, 
96L, 95L, 94L, 93L, 92L, 91L, 90L, 89L, 88L, 87L, 86L, 85L, 84L, 
83L, 82L, 81L, 80L, 79L, 78L, 77L, 76L, 75L, 74L, 73L, 72L, 71L, 
70L, 69L, 68L, 67L, 66L, 65L, 64L, 63L, 62L, 61L, 60L, 59L, 58L, 
57L, 56L, 55L, 54L, 53L, 52L, 51L, 50L, 49L, 48L, 47L, 46L, 45L, 
44L, 43L, 42L, 41L, 40L, 39L, 38L, 37L, 36L, 35L, 34L, 33L, 32L, 
31L, 30L, 29L, 28L, 27L, 26L, 25L, 24L, 23L, 22L, 21L, 20L, 19L, 
18L, 17L, 16L, 15L, 14L, 13L, 12L, 11L, 10L, 9L, 8L, 7L, 6L, 
5L, 4L, 3L, 2L, 1L, 100L, 99L, 98L, 97L, 96L, 95L, 94L, 93L, 
92L, 91L, 90L, 89L, 88L, 87L, 86L, 85L, 84L, 83L, 82L, 81L, 80L, 
79L, 78L, 77L, 76L, 75L, 74L, 73L, 72L, 71L, 70L, 69L, 68L, 67L, 
66L, 65L, 64L, 63L, 62L, 61L, 60L, 59L, 58L, 57L, 56L, 55L, 54L, 
53L, 52L, 51L, 50L, 49L, 48L, 47L, 46L, 45L, 44L, 43L, 42L, 41L, 
40L, 39L, 38L, 37L, 36L, 35L, 34L, 33L, 32L, 31L, 30L, 29L, 28L, 
27L, 26L), .Label = c("1000749457", "1002641716", "1003202631", 
"1004481370", "1004578197", "1008600524", "1009097130", "1009596184", 
"1010952251", "1011509687", "1016064894", "1016418470", "1018538746", 
"1019426995", "1019527777", "1019723398", "1025275549", "1026412755", 
"1028164029", "1028619881", "1029223475", "1029385650", "1029479779", 
"1029888625", "1030112582", "937016630", "937143313", "937428977", 
"937431681", "938389510", "939567929", "939621204", "939668046", 
"940553720", "941398724", "941755472", "943148776", "943589473", 
"947836474", "947921443", "948063285", "948780069", "948889176", 
"949731392", "950552620", "950570745", "951546096", "951633509", 
"951776626", "952210322", "954390321", "954634508", "954739768", 
"955159123", "955796582", "956667545", "957506308", "957509624", 
"957741678", "959346029", "960218065", "961076563", "961426304", 
"961429159", "963198686", "964014242", "964959955", "965680186", 
"965776138", "968333279", "968376829", "969000188", "969409444", 
"971371484", "975796337", "976105789", "977018968", "978871660", 
"980448316", "980470921", "980575250", "982705730", "984152348", 
"984304260", "988773863", "989141854", "989228440", "991622966", 
"991695035", "991780692", "992733962", "992911728", "993725969", 
"994508560", "997094356", "997371271", "998873120", "999384018", 
"999486772", "999973344"), class = "factor"), url = structure(c(97L, 
40L, 13L, 93L, 99L, 60L, 34L, 9L, 98L, 96L, 59L, 28L, 74L, 43L, 
49L, 33L, 94L, 95L, 89L, 81L, 72L, 73L, 47L, 78L, 58L, 82L, 48L, 
22L, 1L, 85L, 24L, 61L, 23L, 76L, 35L, 71L, 16L, 56L, 83L, 92L, 
54L, 51L, 19L, 2L, 84L, 70L, 12L, 31L, 36L, 66L, 80L, 38L, 45L, 
20L, 30L, 53L, 25L, 75L, 87L, 90L, 11L, 69L, 50L, 64L, 62L, 44L, 
100L, 10L, 7L, 6L, 86L, 67L, 42L, 91L, 5L, 46L, 29L, 15L, 57L, 
18L, 27L, 17L, 37L, 26L, 39L, 8L, 4L, 14L, 63L, 32L, 3L, 55L, 
79L, 88L, 65L, 21L, 68L, 41L, 77L, 52L, 97L, 40L, 13L, 93L, 99L, 
60L, 34L, 9L, 98L, 96L, 59L, 28L, 74L, 43L, 49L, 33L, 94L, 95L, 
89L, 81L, 72L, 73L, 47L, 78L, 58L, 82L, 48L, 22L, 1L, 85L, 24L, 
61L, 23L, 76L, 35L, 71L, 16L, 56L, 83L, 92L, 54L, 51L, 19L, 2L, 
84L, 70L, 12L, 31L, 36L, 66L, 80L, 38L, 45L, 20L, 30L, 53L, 25L, 
75L, 87L, 90L, 11L, 69L, 50L, 64L, 62L, 44L, 100L, 10L, 7L, 6L, 
86L, 67L, 42L, 91L, 5L, 46L, 29L, 15L, 57L, 18L, 27L, 17L, 37L, 
26L, 39L, 8L, 4L, 14L, 63L, 32L, 3L, 55L, 79L, 88L, 65L, 21L, 
68L, 41L, 77L, 52L, 97L, 40L, 13L, 93L, 99L, 60L, 34L, 9L, 98L, 
96L, 59L, 28L, 74L, 43L, 49L, 33L, 94L, 95L, 89L, 81L, 72L, 73L, 
47L, 78L, 58L, 82L, 48L, 22L, 1L, 85L, 24L, 61L, 23L, 76L, 35L, 
71L, 16L, 56L, 83L, 92L, 54L, 51L, 19L, 2L, 84L, 70L, 12L, 31L, 
36L, 66L, 80L, 38L, 45L, 20L, 30L, 53L, 25L, 75L, 87L, 90L, 11L, 
69L, 50L, 64L, 62L, 44L, 100L, 10L, 7L, 6L, 86L, 67L, 42L, 91L, 
5L, 46L, 29L, 15L, 57L, 18L, 27L, 17L, 37L, 26L, 39L, 8L, 4L, 
14L, 63L, 32L, 3L, 55L, 79L, 88L, 65L, 21L, 68L, 41L, 77L, 52L, 
97L, 40L, 13L, 93L, 99L, 60L, 34L, 9L, 98L, 96L, 59L, 28L, 74L, 
43L, 49L, 33L, 94L, 95L, 89L, 81L, 72L, 73L, 47L, 78L, 58L, 82L, 
48L, 22L, 1L, 85L, 24L, 61L, 23L, 76L, 35L, 71L, 16L, 56L, 83L, 
92L, 54L, 51L, 19L, 2L, 84L, 70L, 12L, 31L, 36L, 66L, 80L, 38L, 
45L, 20L, 30L, 53L, 25L, 75L, 87L, 90L, 11L, 69L, 50L, 64L, 62L, 
44L, 100L, 10L, 7L, 6L, 86L, 67L, 42L, 91L, 5L, 46L, 29L, 15L, 
57L, 18L, 27L, 17L, 37L, 26L, 39L, 8L, 4L, 14L, 63L, 32L, 3L, 
55L, 79L, 88L, 65L, 21L, 68L, 41L, 77L, 52L),