structure(list(ID = structure(c(3L, 2L, 1L, 45L, 44L, 43L, 42L, 
41L, 40L, 39L, 38L, 37L, 36L, 35L, 34L, 33L, 32L, 31L, 30L, 29L, 
28L, 27L, 26L, 25L, 24L, 23L, 22L, 21L, 20L, 19L, 18L, 17L, 16L, 
15L, 14L, 13L, 12L, 11L, 10L, 9L, 8L, 7L, 6L, 5L, 4L), .Label = c("1008312961", 
"1010735616", "1018694170", "799678797", "809601941", "822361554", 
"822372005", "822511659", "822648086", "822649746", "831806224", 
"841457423", "841494900", "841539042", "843594928", "846236059", 
"846361545", "846421151", "850238199", "857585827", "858085545", 
"859324414", "859372478", "865885302", "880921372", "882018116", 
"889390053", "891256652", "896475013", "903214484", "904705796", 
"906272803", "906277097", "906473087", "924584473", "929626426", 
"942633918", "945283593", "946107174", "956584977", "959819209", 
"959903045", "962563741", "963198686", "967519558"), class = "factor"), 
    url = structure(c(37L, 16L, 15L, 26L, 9L, 8L, 25L, 24L, 35L, 
    7L, 28L, 41L, 39L, 38L, 23L, 30L, 29L, 27L, 31L, 14L, 36L, 
    32L, 42L, 4L, 10L, 13L, 3L, 34L, 44L, 22L, 17L, 2L, 40L, 
    45L, 19L, 20L, 43L, 21L, 6L, 33L, 5L, 18L, 11L, 12L, 1L), .Label = c("http://indianexpress.com/article/cities/chandigarh/medical-education-secretary-upset-over-home-departments-unilateral-decision-5036961/", 
    "http://indianexpress.com/article/cities/mumbai/dont-intend-to-change-rules-on-mixed-pathy-in-maharashtra-says-medical-education-secretary-sanjay-deshmukh-5129352/", 
    "http://indianexpress.com/article/education/improving-quality-of-institutes-our-main-thrust-anju-sharma-gujarat-principal-secretary-higher-technical-education-5156685/", 
    "http://indianexpress.com/article/education/union-school-education-secretary-cbse-looking-to-harness-tech-to-prevent-question-paper-leaks-5204109/", 
    "http://indianexpress.com/article/india/r-subrahmanyam-is-higher-education-secretary-5082387/", 
    "http://newsonair.nic.in/news.asp?cat=National&id=NN86", 
    "http://risingkashmir.com/news/jkjccp-hails-appointment-of-secretary-school-education", 
    "http://risingkashmir.com/news/secretary-school-education-meets-governor", 
    "http://www.dailyexcelsior.com/dr-ashwani-mahajan-rupee-crisis-depreciated-nearly-5-percent-since-august-2018-rupees-68-7-per-us-dollar-nearly-rupees-73-per-us-dollar-october-5-2018-prime/", 
    "http://www.easternmirrornagaland.com/open-letter-to-the-principal-secretary-school-education/", 
    "http://www.financialexpress.com/india-news/r-subrahmanyam-appointed-higher-education-secretary-anil-gopishankar-mukim-to-be-mines-secretary/1083944/", 
    "http://www.freepressjournal.in/latest-news/indore-after-chairman-davv-gifts-secretary-to-higher-education-regulator/1218095", 
    "http://www.freepressjournal.in/latest-news/ujjain-internet-only-provides-information-not-education-says-rss-general-secretary-suresh-bhaiyaji-joshi/1267388", 
    "http://www.freepressjournal.in/latest-news/uttarakhand-teacher-violated-decorum-school-education-secretary/1307302", 
    "http://www.newindianexpress.com/cities/bengaluru/2018/dec/01/twelve-ias-officers-transferred-education-dept-gets-new-secy-1905737.html", 
    "http://www.newindianexpress.com/cities/thiruvananthapuram/2018/dec/04/ktu-campus-will-remain-in-tpuram-higher-edu-sec-1906990.html", 
    "http://www.newindianexpress.com/nation/2018/apr/09/education-in-bigger-grip-of-mafia-than-coal-sector-says-union-hrd-secretary-1798874.html", 
    "http://www.newindianexpress.com/nation/2018/mar/01/r-subrahmanyam-appointed-higher-education-secretary-anil-mukim-to-be-mines-secretary-1780323.html", 
    "http://www.newindianexpress.com/nation/2018/mar/31/cbse-paper-leak-responsibility-cant-be-fixed-before-probe-says-anil-swarup-secretary-school-edu-1794953.html", 
    "http://www.newindianexpress.com/nation/2018/mar/31/cbse-paper-leak-responsibility-cant-be-fixed-before-probesays-anil-swarup-secretary-school-educ-1794953.html", 
    "http://www.newindianexpress.com/states/karnataka/2018/mar/15/karnataka-mlcs-private-schools-want-education-principal-secretary-shunted-out-1787344.html", 
    "http://www.newindianexpress.com/thesundaystandard/2018/apr/15/sacking-of-cbse-chairperson-wont-solve-the-problem-school-education-secretary-anil-swarup-1801629.html", 
    "http://www.newindianexpress.com/world/2018/jul/16/brexit-ex-education-secretary-justine-greening-backs-new-brexit-vote-as-eurosceptics-pressure-there-1844105.html", 
    "https://article.wn.com/view/2018/10/02/NASUWT_comments_on_the_Education_Secretarys_speech_to_the_Co/", 
    "https://article.wn.com/view/2018/10/02/US_Secretary_of_Education_Betsy_DeVos_Announces_Launch_of_Fi/", 
    "https://article.wn.com/view/2018/10/12/Education_Secretary_says_schools_should_ban_phones_to_give_k/", 
    "https://indianexpress.com/article/cities/chandigarh/education-secretary-to-school-heads-want-at-least-75-per-cent-results-5257561/", 
    "https://indianexpress.com/article/cities/ludhiana/nhai-notice-to-vacate-school-building-effort-from-teacher-education-secretary-saves-building-from-being-razed-5353319/", 
    "https://indianexpress.com/article/education/chandigarh-government-schools-have-one-of-the-best-infrastructure-in-the-country-says-education-secretary-bl-sharma-5261409/", 
    "https://indianexpress.com/article/education/chandigarh-government-schools-infrastructure-education-secretary-5261409/", 
    "https://indianexpress.com/article/education/teachers-should-teach-instead-of-sloganeering-education-secretary-5254416/", 
    "https://swarajyamag.com/current-affairs/the-school-education-secretary-has-a-lot-to-answer-for", 
    "https://swarajyamag.com/insta/bureaucratic-shuffle-r-subrahmanyam-is-higher-education-secretary-mukim-mines-dept-secretary", 
    "https://timesofindia.indiatimes.com/city/chennai/shrc-directs-school-education-secretary-to-file-report/articleshow/63935290.cms", 
    "https://timesofindia.indiatimes.com/city/delhi/edu-secy-summoned-for-not-filing-fund-info/articleshow/65986499.cms", 
    "https://www.business-standard.com/article/pti-stories/us-lawmakers-urge-education-secretary-to-probe-chinese-spying-at-american-universities-118062100327_1.html", 
    "https://www.businessinsider.in/education-secretary-betsy-devos-forced-to-cancel-150-million-in-student-loans-after-losing-court-battle/articleshow/67097640.cms", 
    "https://www.businessinsider.in/omarosa-claims-trump-referred-to-education-secretary-betsy-devos-as-ditzy-devos-and-said-he-would-get-rid-of-her/articleshow/65393955.cms", 
    "https://www.firstpost.com/india/all-8000-candidates-fail-goa-accountants-exam-aap-secretary-pradeep-padgaonkar-notes-collapse-in-state-education-system-5018061.html", 
    "https://www.firstpost.com/india/cbse-paper-leak-education-secretary-anil-swarup-says-mafia-in-education-system-runs-deeper-than-coal-industry-4423157.html", 
    "https://www.firstpost.com/india/odisha-schools-to-remain-closed-on-monday-over-congress-bharat-bandh-call-says-education-secretary-5148331.html", 
    "https://www.hindustantimes.com/education/centre-to-set-up-pre-school-educational-units-union-school-education-secretary-anil-swarup/story-vkbXuNkvvsUx4LNiYDnItL.html", 
    "https://www.indiatoday.in/mail-today/story/no-cbse-re-exam-for-other-leaked-papers-clarifies-school-education-secretary-1201596-2018-03-31", 
    "https://www.mid-day.com/articles/madras-high-court-issues-notice-to-tamil-nadu-education-principal-secretary/19363187", 
    "https://www.newsr.in/video/20180330/9856452/CBSE-class-12th-economics-re-examination-on-April.htm"
    ), class = "factor"), details = list(structure(list(), .Names = character(0), row.names = integer(0), class = "data.frame"), 
        structure(list(), .Names = character(0), row.names = integer(0), class = "data.frame"), 
        structure(list(), .Names = character(0), row.names = integer(0), class = "data.frame"), 
        structure(list(), .Names = character(0), row.names = integer(0), class = "data.frame"), 
        structure(list(),