structure(list(ID = structure(c(5L, 4L, 3L, 2L, 1L, 31L, 30L, 
29L, 28L, 27L, 26L, 25L, 24L, 23L, 22L, 21L, 20L, 19L, 18L, 17L, 
16L, 15L, 14L, 13L, 12L, 11L, 10L, 9L, 8L, 7L, 6L), .Label = c("1011859526", 
"1026849137", "1026907979", "1028666084", "1029150588", "788942425", 
"795999138", "812519724", "817900478", "846117893", "856294680", 
"857288889", "858506856", "861992905", "879563544", "933826718", 
"933849816", "934179644", "950120513", "950531140", "951095023", 
"952660304", "952870561", "952873170", "952876114", "952882831", 
"952889888", "952978005", "965524314", "965724541", "975858397"
), class = "factor"), url = structure(c(21L, 22L, 2L, 18L, 23L, 
30L, 7L, 31L, 29L, 3L, 27L, 20L, 19L, 25L, 24L, 11L, 9L, 8L, 
4L, 17L, 15L, 10L, 1L, 12L, 13L, 5L, 28L, 16L, 26L, 6L, 14L), .Label = c("http://indianexpress.com/article/education/cohsem-manipur-12th-topper-selina-keisham-dreamed-of-corruption-free-education-manresults-nic-in-upsc-ias-5162491/", 
"http://risingkashmir.com/news/pulwama-chief-education-officer-removed-after-complaint-", 
"http://www.asianage.com/india/all-india/230918/up-bjp-lawmaker-misbehaves-with-education-officer-video-goes-viral.html", 
"http://www.asianage.com/metros/mumbai/290818/education-officer-caught-red-handed-while-accepting-bribe.html", 
"http://www.dnaindia.com/mumbai/report-education-officer-writes-to-nerul-school-over-issue-of-change-in-uniforms-2608285", 
"http://www.firstpost.com/entertainment/padmaavat-ghoomar-song-banned-in-schools-of-mps-dewas-district-by-education-officer-4307999.html", 
"http://www.newindianexpress.com/states/andhra-pradesh/2018/oct/10/acb-unearths-rs-30-crore-in-raid-on-andhra-education-officer-1883494.html", 
"http://www.newindianexpress.com/states/karnataka/2018/sep/19/watch--inspecting-education-officer-cleans-blocked-school-toilet-as-others-refuse-to-in-karnataka-1874260.html", 
"http://www.newindianexpress.com/states/karnataka/2018/sep/20/block-education-officer-clears-blockage-in-karnataka-school-toilet-1874668.html", 
"http://www.newindianexpress.com/states/odisha/2018/jun/02/vigilance-officials-arrest-block-education-officer-for-accepting-bribe-1822826.html", 
"https://telanganatoday.com/education-officer-told-to-comply-with-order", 
"https://timesofindia.indiatimes.com/city/bhubaneswar/kalahandi-district-education-officer-booked-for-job-fraud/articleshow/63948743.cms", 
"https://timesofindia.indiatimes.com/city/bhubaneswar/raids-reveal-education-officer-owns-property-worth-rs-1-crore/articleshow/63923051.cms", 
"https://timesofindia.indiatimes.com/city/chandigarh/education-officer-to-check-all-65-schools-go-lenient-on-granting-recognition/articleshow/62386717.cms", 
"https://timesofindia.indiatimes.com/city/thane/thane-education-department-officer-held-for-bribe/articleshow/65579856.cms", 
"https://timesofindia.indiatimes.comhome/education/news/barshi-edu-officers-report-tamps-down-on-english-paper-going-viral/articleshow/63020317.cms", 
"https://www.business-standard.com/article/pti-stories/education-department-officer-held-for-bribe-118082800696_1.html", 
"https://www.business-standard.com/article/pti-stories/pulwama-chief-education-officer-removed-after-complaint-118122600672_1.html", 
"https://www.business-standard.com/article/pti-stories/up-bjp-mla-misbehaves-with-education-officer-video-goes-viral-118092300277_1.html", 
"https://www.deccanchronicle.com/nation/current-affairs/230918/up-bjp-mla-surendra-singh-misbehave-with-education-officer-video-viral.html", 
"https://www.dnaindia.com/ahmedabad/report-gujarat-schools-need-district-education-officer-s-nod-for-students-trip-2702021", 
"https://www.firstpost.com/india/jammu-and-kashmirs-chief-electoral-officer-meets-governor-satya-pal-malik-briefs-him-on-voter-education-initiatives-5808061.html", 
"https://www.freepressjournal.in/headlines/bulandshahr-violence-yogi-adityanath-meets-slain-officers-family-assures-education-aid/1410426", 
"https://www.hindustantimes.com/dehradun/education-officer-renovates-schools-in-the-hills-with-her-own-salary/story-FzNGuNDJw7qKQPbuMrZhBK.html", 
"https://www.hindustantimes.com/india-news/uttar-pradesh-bjp-mla-misbehaves-with-education-officer-video-goes-viral/story-vfgeiMHxcKfxHg4xyW4x9M.html", 
"https://www.indiatoday.in/mail-today/story/uttar-pradesh-education-department-officer-issues-diktat-against-feet-fetish-1169140-2018-02-14", 
"https://www.ndtv.com/india-news/bjp-lawmaker-allegedly-misbehaves-with-education-officer-in-up-1920850", 
"https://www.ndtv.com/india-news/cbse-paper-leaks-cbse-in-clear-centre-grappling-with-mafia-in-education-says-anil-swarup-1834350", 
"https://www.news18.com/news/india/up-bjp-mla-misbehaves-with-education-officer-video-goes-viral-1886427.html", 
"https://www.thehindu.com/news/cities/mumbai/no-confidence-motion-against-education-officer/article25291260.ece", 
"https://www.thehindu.com/news/national/andhra-pradesh/acb-searches-properties-of-trapped-dy-education-officer/article25173197.ece"
), class = "factor"), details = list(structure(list(), .Names = character(0), row.names = integer(0), class = "data.frame"), 
    structure(list(), .Names = character(0), row.names = integer(0), class = "data.frame"), 
    structure(list(), .Names = character(0), row.names = integer(0), class = "data.frame"), 
    structure(list(), .Names = character(0), row.names = integer(0), class = "data.frame"), 
    structure(list(), .Names = character(0), row.names = integer(0), class = "data.frame"), 
    structure(list(), .Names = character(0), row.names = integer(0), class = "data.frame"), 
    structure(list(), .Names = character(0), row.names = integer(0), class = "data.frame"), 
    structure(list(), .Names = character(0), row.names = integer(0), class = "data.frame"), 
    structure(list(), .Names = character(0), row.names = integer(0), class = "data.frame"), 
    structure(list(), .Names = character(0), row.names = integer(0), class = "data.frame"), 
    structure(list(), .Names = character(0), row.names = integer(0), class = "data.frame"), 
    structure(list(), .Names = character(0), row.names = integer(0), class = "data.frame"), 
    structure(list(), .Names = character(0), row.names = integer(0), class = "data.frame"), 
    structure(list(), .Names = character(0), row.names = integer(0), class = "data.frame"), 
    structure(list(uri = "mohan_rajput@hindustantimes.com", name = "Mohan Rajput", 
        type = "author", isAgency = FALSE), class = "data.frame", row.names = 1L), 
    structure(list(), .Names = character(0), row.names = integer(0), class = "data.frame"), 
    structure(list(), .Names = character(0), row.names = integer(0), class = "data.frame"), 
    structure(list(), .Names = character(0), row.names = integer(0), class = "data.frame"), 
    structure(list(), .Names = character(0), row.names = integer(0), class = "data.frame"), 
    structure(list(), .Names = character(0), row.names = integer(0), class = "data.frame"), 
    structure(list(), .Names = character(0), row.names = integer(0), class = "data.frame"), 
    structure(list(), .Names = character(0), row.names = integer(0), class = "data.frame"), 
    structure(list(), .Names = character(0), row.names = integer(0), class = "data.frame"), 
    structure(list(), .Names = character(0), row.names = integer(0), class = "data.frame"), 
    structure(list(), .Names = character(0), row.names = integer(0), class = "data.frame"), 
    structure(list(), .Names = character(0), row.names = integer(0), class = "data.frame"), 
    structure(list(), .Names = character(0), row.names = integer(0), class = "data.frame"), 
    structure(list(), .Names = character(0), row.names = integer(0), class = "data.frame"), 
    structure(list(), .Names = character(0), row.names = integer(0), class = "data.frame"), 
    structure(list(), .Names = character(0), row.names = integer(0), class = "data.frame"), 
    structure(list(), .Names = character(0), row.names = integer(0), class = "data.frame"))), row.names = c(NA, 
-31L),