structure(list(ID = structure(c(19L, 17L, 18L, 16L, 15L, 14L, 
13L, 12L, 11L, 10L, 9L, 8L, 7L, 6L, 5L, 4L, 3L, 2L, 1L, 100L, 
99L, 98L, 97L, 96L, 95L, 94L, 93L, 92L, 91L, 90L, 89L, 88L, 87L, 
86L, 85L, 84L, 83L, 82L, 81L, 80L, 79L, 78L, 77L, 76L, 75L, 74L, 
73L, 72L, 71L, 70L, 69L, 68L, 67L, 66L, 65L, 64L, 63L, 62L, 61L, 
60L, 59L, 58L, 57L, 56L, 55L, 54L, 53L, 52L, 51L, 50L, 49L, 48L, 
47L, 46L, 45L, 44L, 43L, 42L, 41L, 40L, 39L, 38L, 37L, 36L, 35L, 
34L, 33L, 32L, 31L, 30L, 29L, 28L, 27L, 26L, 25L, 24L, 23L, 22L, 
21L, 20L, 19L, 17L, 18L, 16L, 15L, 14L, 13L, 12L, 11L, 10L, 9L, 
8L, 7L, 6L, 5L, 4L, 3L, 2L, 1L, 100L, 99L, 98L, 97L, 96L, 95L, 
94L, 93L, 92L, 91L, 90L, 89L, 88L, 87L, 86L, 85L, 84L, 83L, 82L, 
81L, 80L, 79L, 78L, 77L, 76L, 75L, 74L, 73L, 72L, 71L, 70L, 69L, 
68L, 67L, 66L, 65L, 64L, 63L, 62L, 61L, 60L, 59L, 58L, 57L, 56L, 
55L, 54L, 53L, 52L, 51L, 50L, 49L, 48L, 47L, 46L, 45L, 44L, 43L, 
42L, 41L, 40L, 39L, 38L, 37L, 36L, 35L, 34L, 33L, 32L, 31L, 30L, 
29L, 28L, 27L, 26L, 25L, 24L, 23L, 22L, 21L, 20L, 19L, 17L, 18L, 
16L, 15L, 14L, 13L, 12L, 11L, 10L, 9L, 8L, 7L, 6L, 5L, 4L, 3L, 
2L, 1L, 100L, 99L, 98L, 97L, 96L, 95L, 94L, 93L, 92L, 91L, 90L, 
89L, 88L, 87L, 86L, 85L, 84L, 83L, 82L, 81L, 80L, 79L, 78L, 77L, 
76L, 75L, 74L, 73L, 72L, 71L, 70L, 69L, 68L, 67L, 66L, 65L, 64L, 
63L, 62L, 61L, 60L, 59L, 58L, 57L, 56L, 55L, 54L, 53L, 52L, 51L, 
50L, 49L, 48L, 47L, 46L, 45L, 44L, 43L, 42L, 41L, 40L, 39L, 38L, 
37L, 36L, 35L, 34L, 33L, 32L, 31L, 30L, 29L, 28L, 27L, 26L, 25L, 
24L, 23L, 22L, 21L, 20L), .Label = c("1002544972", "1003148187", 
"1003632028", "1005195094", "1006103202", "1006141503", "1006757457", 
"1007904778", "1011828250", "1014346599", "1018466940", "1018538746", 
"1019943001", "1020488232", "1023879544", "1028644574", "1029973052", 
"1029973058", "1030141718", "920053301", "922890855", "923385933", 
"925331097", "927095060", "927427708", "927842447", "927843199", 
"928257935", "929229132", "929231311", "929261608", "930172908", 
"930865400", "931451927", "931600032", "932638122", "935656420", 
"936846238", "936849346", "936860112", "936871453", "936877991", 
"936886974", "936893940", "936898537", "937076249", "937342460", 
"937366060", "939153796", "939361202", "940081556", "941672703", 
"941954848", "942193893", "942212964", "942640105", "943148776", 
"944283603", "947614531", "947830067", "947972938", "948184724", 
"948420909", "950052089", "950858633", "951195447", "952665930", 
"954676589", "955268835", "955535526", "955643873", "957043093", 
"957315280", "962477000", "962994594", "968164614", "969555148", 
"971416062", "975761332", "975783095", "975792033", "975796337", 
"975815129", "975831825", "975870985", "976438391", "976439815", 
"976449393", "976618063", "976618563", "976735794", "977105841", 
"977130113", "977904032", "980325326", "980337420", "981830991", 
"982256805", "985916642", "990708018"), class = "factor"), url = structure(c(93L, 
6L, 5L, 83L, 4L, 43L, 96L, 72L, 3L, 49L, 1L, 36L, 17L, 37L, 38L, 
80L, 100L, 75L, 48L, 99L, 11L, 68L, 16L, 30L, 63L, 22L, 56L, 
54L, 10L, 62L, 29L, 87L, 64L, 40L, 76L, 23L, 85L, 77L, 89L, 69L, 
86L, 82L, 81L, 7L, 34L, 33L, 52L, 95L, 20L, 8L, 46L, 9L, 25L, 
84L, 55L, 27L, 44L, 58L, 88L, 71L, 47L, 65L, 50L, 39L, 97L, 61L, 
32L, 14L, 78L, 59L, 13L, 41L, 26L, 90L, 24L, 35L, 92L, 12L, 66L, 
45L, 91L, 18L, 94L, 21L, 31L, 98L, 51L, 74L, 73L, 28L, 60L, 57L, 
42L, 70L, 15L, 19L, 53L, 67L, 79L, 2L, 93L, 6L, 5L, 83L, 4L, 
43L, 96L, 72L, 3L, 49L, 1L, 36L, 17L, 37L, 38L, 80L, 100L, 75L, 
48L, 99L, 11L, 68L, 16L, 30L, 63L, 22L, 56L, 54L, 10L, 62L, 29L, 
87L, 64L, 40L, 76L, 23L, 85L, 77L, 89L, 69L, 86L, 82L, 81L, 7L, 
34L, 33L, 52L, 95L, 20L, 8L, 46L, 9L, 25L, 84L, 55L, 27L, 44L, 
58L, 88L, 71L, 47L, 65L, 50L, 39L, 97L, 61L, 32L, 14L, 78L, 59L, 
13L, 41L, 26L, 90L, 24L, 35L, 92L, 12L, 66L, 45L, 91L, 18L, 94L, 
21L, 31L, 98L, 51L, 74L, 73L, 28L, 60L, 57L, 42L, 70L, 15L, 19L, 
53L, 67L, 79L, 2L, 93L, 6L, 5L, 83L, 4L, 43L, 96L, 72L, 3L, 49L, 
1L, 36L, 17L, 37L, 38L, 80L, 100L, 75L, 48L, 99L, 11L, 68L, 16L, 
30L, 63L, 22L, 56L, 54L, 10L, 62L, 29L, 87L, 64L, 40L, 76L, 23L, 
85L, 77L, 89L, 69L, 86L, 82L, 81L, 7L, 34L, 33L, 52L, 95L, 20L, 
8L, 46L, 9L, 25L, 84L, 55L, 27L, 44L, 58L, 88L, 71L, 47L, 65L, 
50L, 39L, 97L, 61L, 32L, 14L, 78L, 59L, 13L, 41L, 26L, 90L, 24L, 
35L, 92L, 12L, 66L, 45L, 91L, 18L, 94L, 21L, 31L, 98L, 51L, 74L, 
73L, 28L, 60L, 57L, 42L, 70L, 15L, 19L, 53L, 67L, 79L, 2L),