structure(list(ID = structure(c(58L, 57L, 56L, 55L, 54L, 53L, 
52L, 51L, 50L, 49L, 48L, 47L, 46L, 45L, 44L, 43L, 42L, 41L, 40L, 
39L, 38L, 59L, 37L, 36L, 35L, 34L, 33L, 32L, 31L, 30L, 29L, 28L, 
27L, 26L, 25L, 24L, 23L, 22L, 21L, 20L, 19L, 18L, 17L, 16L, 15L, 
14L, 13L, 12L, 11L, 10L, 9L, 8L, 7L, 6L, 5L, 4L, 3L, 2L, 1L, 
100L, 99L, 98L, 97L, 96L, 95L, 94L, 93L, 92L, 91L, 90L, 89L, 
88L, 87L, 86L, 85L, 84L, 83L, 82L, 81L, 80L, 79L, 78L, 77L, 76L, 
75L, 74L, 73L, 72L, 71L, 70L, 69L, 68L, 67L, 66L, 65L, 64L, 63L, 
62L, 61L, 60L, 58L, 57L, 56L, 55L, 54L, 53L, 52L, 51L, 50L, 49L, 
48L, 47L, 46L, 45L, 44L, 43L, 42L, 41L, 40L, 39L, 38L, 59L, 37L, 
36L, 35L, 34L, 33L, 32L, 31L, 30L, 29L, 28L, 27L, 26L, 25L, 24L, 
23L, 22L, 21L, 20L, 19L, 18L, 17L, 16L, 15L, 14L, 13L, 12L, 11L, 
10L, 9L, 8L, 7L, 6L, 5L, 4L, 3L, 2L, 1L, 100L, 99L, 98L, 97L, 
96L, 95L, 94L, 93L, 92L, 91L, 90L, 89L, 88L, 87L, 86L, 85L, 84L, 
83L, 82L, 81L, 80L, 79L, 78L, 77L, 76L, 75L, 74L, 73L, 72L, 71L, 
70L, 69L, 68L, 67L, 66L, 65L, 64L, 63L, 62L, 61L, 60L, 58L, 57L, 
56L, 55L, 54L, 53L, 52L, 51L, 50L, 49L, 48L, 47L, 46L, 45L, 44L, 
43L, 42L, 41L, 40L, 39L, 38L, 59L, 37L, 36L, 35L, 34L, 33L, 32L, 
31L, 30L, 29L, 28L, 27L, 26L, 25L, 24L, 23L, 22L, 21L, 20L, 19L, 
18L, 17L, 16L, 15L, 14L, 13L, 12L, 11L, 10L, 9L, 8L, 7L, 6L, 
5L, 4L, 3L, 2L, 1L, 100L, 99L, 98L, 97L, 96L, 95L, 94L, 93L, 
92L, 91L, 90L, 89L, 88L, 87L, 86L, 85L, 84L, 83L, 82L, 81L, 80L, 
79L, 78L, 77L, 76L, 75L, 74L, 73L, 72L, 71L, 70L, 69L, 68L, 67L, 
66L, 65L, 64L, 63L, 62L, 61L, 60L, 58L, 57L, 56L, 55L, 54L, 53L, 
52L, 51L, 50L, 49L, 48L, 47L, 46L, 45L, 44L, 43L, 42L, 41L, 40L, 
39L, 38L, 59L, 37L, 36L, 35L, 34L, 33L, 32L, 31L, 30L, 29L, 28L, 
27L, 26L, 25L, 24L, 23L, 22L, 21L, 20L, 19L, 18L, 17L, 16L, 15L, 
14L, 13L, 12L, 11L, 10L, 9L, 8L, 7L, 6L, 5L, 4L, 3L, 2L, 1L, 
100L, 99L, 98L, 97L, 96L, 95L, 94L, 93L, 92L, 91L, 90L, 89L, 
88L, 87L, 86L, 85L, 84L, 83L, 82L, 81L, 80L, 79L, 78L, 77L, 76L, 
75L, 74L, 73L, 72L, 71L, 70L, 69L, 68L, 67L, 66L, 65L, 64L, 63L, 
62L, 61L, 60L, 58L, 57L, 56L, 55L, 54L, 53L, 52L, 51L, 50L, 49L, 
48L, 47L, 46L, 45L, 44L, 43L, 42L, 41L, 40L, 39L, 38L, 59L, 37L, 
36L, 35L, 34L, 33L, 32L, 31L, 30L, 29L, 28L, 27L, 26L, 25L, 24L, 
23L, 22L, 21L, 20L, 19L, 18L, 17L, 16L, 15L, 14L, 13L, 12L, 11L, 
10L, 9L, 8L, 7L, 6L, 5L, 4L, 3L, 2L, 1L, 100L, 99L, 98L, 97L, 
96L, 95L, 94L, 93L, 92L, 91L, 90L, 89L, 88L, 87L, 86L, 85L, 84L, 
83L, 82L, 81L, 80L, 79L, 78L, 77L, 76L, 75L, 74L, 73L, 72L, 71L, 
70L, 69L, 68L, 67L, 66L, 65L, 64L, 63L, 62L, 61L, 60L, 58L, 57L, 
56L, 55L, 54L, 53L, 52L, 51L, 50L, 49L, 48L, 47L, 46L, 45L, 44L, 
43L, 42L, 41L, 40L, 39L, 38L, 59L, 37L, 36L, 35L, 34L, 33L, 32L, 
31L, 30L, 29L, 28L, 27L, 26L, 25L, 24L, 23L, 22L, 21L, 20L, 19L, 
18L, 17L, 16L, 15L, 14L, 13L, 12L, 11L, 10L, 9L, 8L, 7L, 6L, 
5L, 4L, 3L, 2L, 1L, 100L, 99L, 98L, 97L, 96L, 95L, 94L, 93L, 
92L, 91L, 90L, 89L, 88L, 87L, 86L, 85L, 84L, 83L, 82L, 81L, 80L, 
79L, 78L, 77L, 76L, 75L, 74L, 73L, 72L, 71L, 70L, 69L, 68L, 67L, 
66L, 65L, 64L, 63L, 62L, 61L, 60L), .Label = c("1002194345", 
"1002308978", "1002698202", "1003745436", "1004115029", "1004395073", 
"1005708421", "1006699173", "1007942493", "1008721882", "1009485535", 
"1009845313", "1010321135", "1011513325", "1012362230", "1012502646", 
"1012567875", "1012789763", "1013318530", "1013966344", "1013967407", 
"1013990649", "1014397730", "1014414716", "1015173143", "1016543672", 
"1016918980", "1018188699", "1018463739", "1018952736", "1019438123", 
"1019559363", "1020925900", "1021258434", "1021264843", "1022704519", 
"1022928979", "1023191071", "1023246367", "1023536659", "1023830351", 
"1024128824", "1024157883", "1024410128", "1024794686", "1025296134", 
"1025618359", "1025968766", "1026572541", "1026624456", "1026738781", 
"1026754602", "1026770888", "1026774837", "1027122700", "1027158933", 
"1029036739", "1029744280", "2018-12-1022935080", "966223154", 
"966287085", "968900935", "969575503", "969737571", "970393277", 
"971135153", "973092003", "974149297", "974962374", "976349067", 
"977447976", "977667043", "978013500", "979258993", "979747081", 
"981364349", "981378173", "981493106", "982153980", "982254358", 
"982744107", "983587977", "985045820", "985367035", "985659655", 
"987029199", "987525648", "987556893", "990257361", "990324414", 
"993450385", "993659456", "994590935", "994902348", "996333478", 
"996357146", "996981434", "997557420", "998269385", "998662463"
), class = "factor"), url = structure(c(30L, 93L, 68L, 19L, 86L, 
59L, 24L, 9L, 70L, 82L, 25L, 77L, 35L, 5L, 18L, 53L, 81L, 33L, 
15L, 99L, 54L, 66L, 4L, 44L, 88L, 79L, 14L, 42L, 21L, 67L, 75L, 
45L, 7L, 78L, 98L, 22L, 97L, 100L, 65L, 3L, 8L, 83L, 39L, 40L, 
96L, 6L, 85L, 73L, 23L, 90L, 74L, 11L, 1L, 49L, 80L, 13L, 12L, 
91L, 72L, 32L, 63L, 51L, 94L, 34L, 10L, 27L, 92L, 37L, 58L, 2L, 
31L, 71L, 55L, 28L, 84L, 17L, 50L, 46L, 48L, 43L, 61L, 87L, 57L, 
29L, 16L, 60L, 41L, 36L, 56L, 64L, 95L, 52L, 26L, 38L, 47L, 69L, 
89L, 20L, 62L, 76L, 30L, 93L, 68L, 19L, 86L, 59L, 24L, 9L, 70L, 
82L, 25L, 77L, 35L, 5L, 18L, 53L, 81L, 33L, 15L, 99L, 54L, 66L, 
4L, 44L, 88L, 79L, 14L, 42L, 21L, 67L, 75L, 45L, 7L, 78L, 98L, 
22L, 97L, 100L, 65L, 3L, 8L, 83L, 39L, 40L, 96L, 6L, 85L, 73L, 
23L, 90L, 74L, 11L, 1L, 49L, 80L, 13L, 12L, 91L, 72L, 32L, 63L, 
51L, 94L, 34L, 10L, 27L, 92L, 37L, 58L, 2L, 31L, 71L, 55L, 28L, 
84L, 17L, 50L, 46L, 48L, 43L, 61L, 87L, 57L, 29L, 16L, 60L, 41L, 
36L, 56L, 64L, 95L, 52L, 26L, 38L, 47L, 69L, 89L, 20L, 62L, 76L, 
30L, 93L, 68L, 19L, 86L, 59L, 24L, 9L, 70L, 82L, 25L, 77L, 35L, 
5L, 18L, 53L, 81L, 33L, 15L, 99L, 54L, 66L, 4L, 44L, 88L, 79L, 
14L, 42L, 21L, 67L, 75L, 45L, 7L, 78L, 98L, 22L, 97L, 100L, 65L, 
3L, 8L, 83L, 39L, 40L, 96L, 6L, 85L, 73L, 23L, 90L, 74L, 11L, 
1L, 49L, 80L, 13L, 12L, 91L, 72L, 32L, 63L, 51L, 94L, 34L, 10L, 
27L, 92L, 37L, 58L, 2L, 31L, 71L, 55L, 28L, 84L, 17L, 50L, 46L, 
48L, 43L, 61L, 87L, 57L, 29L, 16L, 60L, 41L, 36L, 56L, 64L, 95L, 
52L, 26L, 38L, 47L, 69L, 89L, 20L, 62L, 76L, 30L, 93L, 68L, 19L, 
86L, 59L, 24L, 9L, 70L, 82L, 25L, 77L, 35L, 5L, 18L, 53L, 81L, 
33L, 15L, 99L, 54L, 66L, 4L, 44L, 88L, 79L, 14L, 42L, 21L, 67L, 
75L, 45L, 7L, 78L, 98L, 22L, 97L, 100L, 65L, 3L, 8L, 83L, 39L, 
40L, 96L, 6L, 85L, 73L, 23L, 90L, 74L, 11L, 1L, 49L, 80L, 13L, 
12L, 91L, 72L, 32L, 63L, 51L, 94L, 34L, 10L, 27L, 92L, 37L, 58L, 
2L, 31L, 71L, 55L, 28L, 84L, 17L, 50L, 46L, 48L, 43L, 61L, 87L, 
57L, 29L, 16L, 60L, 41L, 36L, 56L, 64L, 95L, 52L, 26L, 38L, 47L, 
69L, 89L, 20L, 62L, 76L, 30L, 93L, 68L, 19L, 86L, 59L, 24L, 9L, 
70L, 82L, 25L, 77L, 35L, 5L, 18L, 53L, 81L, 33L, 15L, 99L, 54L, 
66L, 4L, 44L, 88L, 79L, 14L, 42L, 21L, 67L, 75L, 45L, 7L, 78L, 
98L, 22L, 97L, 100L, 65L, 3L, 8L, 83L, 39L, 40L, 96L, 6L, 85L, 
73L, 23L, 90L, 74L, 11L, 1L, 49L, 80L, 13L, 12L, 91L, 72L, 32L, 
63L, 51L, 94L, 34L, 10L, 27L, 92L, 37L, 58L, 2L, 31L, 71L, 55L, 
28L, 84L, 17L, 50L, 46L, 48L, 43L, 61L, 87L, 57L, 29L, 16L, 60L, 
41L, 36L, 56L, 64L, 95L, 52L, 26L, 38L, 47L, 69L, 89L, 20L, 62L, 
76L, 30L, 93L, 68L, 19L, 86L, 59L, 24L, 9L, 70L, 82L, 25L, 77L, 
35L, 5L, 18L, 53L, 81L, 33L, 15L, 99L, 54L, 66L, 4L, 44L, 88L, 
79L, 14L, 42L, 21L, 67L, 75L, 45L, 7L, 78L, 98L, 22L, 97L, 100L, 
65L, 3L, 8L, 83L, 39L, 40L, 96L, 6L, 85L, 73L, 23L, 90L, 74L, 
11L, 1L, 49L, 80L, 13L, 12L, 91L, 72L, 32L, 63L, 51L, 94L, 34L, 
10L, 27L, 92L, 37L, 58L, 2L, 31L, 71L, 55L, 28L, 84L, 17L, 50L, 
46L, 48L, 43L, 61L, 87L, 57L, 29L, 16L, 60L, 41L, 36L, 56L, 64L, 
95L, 52L, 26L, 38L, 47L, 69L, 89L, 20L, 62L, 76L),