structure(list(ID = structure(c(57L, 56L, 55L, 54L, 53L, 52L, 
51L, 50L, 49L, 48L, 47L, 46L, 45L, 44L, 43L, 42L, 41L, 40L, 39L, 
38L, 37L, 36L, 35L, 34L, 33L, 32L, 31L, 30L, 29L, 28L, 27L, 26L, 
25L, 24L, 23L, 22L, 21L, 20L, 19L, 18L, 17L, 16L, 15L, 14L, 13L, 
12L, 11L, 10L, 9L, 8L, 7L, 6L, 5L, 4L, 3L, 2L, 1L, 100L, 99L, 
98L, 97L, 96L, 95L, 94L, 93L, 92L, 91L, 90L, 89L, 88L, 87L, 86L, 
85L, 84L, 83L, 82L, 81L, 80L, 79L, 78L, 77L, 76L, 75L, 74L, 73L, 
72L, 71L, 70L, 69L, 68L, 67L, 66L, 65L, 64L, 63L, 62L, 61L, 60L, 
59L, 58L, 57L, 56L, 55L, 54L, 53L, 52L, 51L, 50L, 49L, 48L, 47L, 
46L, 45L, 44L, 43L, 42L, 41L, 40L, 39L, 38L, 37L, 36L, 35L, 34L, 
33L, 32L, 31L, 30L, 29L, 28L, 27L, 26L, 25L, 24L, 23L, 22L, 21L, 
20L, 19L, 18L, 17L, 16L, 15L, 14L, 13L, 12L, 11L, 10L, 9L, 8L, 
7L, 6L, 5L, 4L, 3L, 2L, 1L, 100L, 99L, 98L, 97L, 96L, 95L, 94L, 
93L, 92L, 91L, 90L, 89L, 88L, 87L, 86L, 85L, 84L, 83L, 82L, 81L, 
80L, 79L, 78L, 77L, 76L, 75L, 74L, 73L, 72L, 71L, 70L, 69L, 68L, 
67L, 66L, 65L, 64L, 63L, 62L, 61L, 60L, 59L, 58L, 57L, 56L, 55L, 
54L, 53L, 52L, 51L, 50L, 49L, 48L, 47L, 46L, 45L, 44L, 43L, 42L, 
41L, 40L, 39L, 38L, 37L, 36L, 35L, 34L, 33L, 32L, 31L, 30L, 29L, 
28L, 27L, 26L, 25L, 24L, 23L, 22L, 21L, 20L, 19L, 18L, 17L, 16L, 
15L, 14L, 13L, 12L, 11L, 10L, 9L, 8L, 7L, 6L, 5L, 4L, 3L, 2L, 
1L, 100L, 99L, 98L, 97L, 96L, 95L, 94L, 93L, 92L, 91L, 90L, 89L, 
88L, 87L, 86L, 85L, 84L, 83L, 82L, 81L, 80L, 79L, 78L, 77L, 76L, 
75L, 74L, 73L, 72L, 71L, 70L, 69L, 68L, 67L, 66L, 65L, 64L, 63L, 
62L, 61L, 60L, 59L, 58L, 57L, 56L, 55L, 54L, 53L, 52L, 51L, 50L, 
49L, 48L, 47L, 46L, 45L, 44L, 43L, 42L, 41L, 40L, 39L, 38L, 37L, 
36L, 35L, 34L, 33L, 32L, 31L, 30L, 29L, 28L, 27L, 26L, 25L, 24L, 
23L, 22L, 21L, 20L, 19L, 18L, 17L, 16L, 15L, 14L, 13L, 12L, 11L, 
10L, 9L, 8L, 7L, 6L, 5L, 4L, 3L, 2L, 1L, 100L, 99L, 98L, 97L, 
96L, 95L, 94L, 93L, 92L, 91L, 90L, 89L, 88L, 87L, 86L, 85L, 84L, 
83L, 82L, 81L, 80L, 79L, 78L, 77L, 76L, 75L, 74L, 73L, 72L, 71L, 
70L, 69L, 68L, 67L, 66L, 65L, 64L, 63L, 62L, 61L, 60L, 59L, 58L, 
57L, 56L, 55L, 54L, 53L, 52L, 51L, 50L, 49L, 48L, 47L, 46L, 45L, 
44L, 43L, 42L, 41L, 40L, 39L, 38L, 37L, 36L, 35L, 34L, 33L, 32L, 
31L, 30L, 29L, 28L, 27L, 26L, 25L, 24L, 23L, 22L, 21L, 20L, 19L, 
18L, 17L, 16L, 15L, 14L, 13L, 12L, 11L, 10L, 9L, 8L, 7L, 6L, 
5L, 4L, 3L, 2L, 1L, 100L, 99L, 98L, 97L, 96L, 95L, 94L, 93L, 
92L, 91L, 90L, 89L, 88L, 87L, 86L, 85L, 84L, 83L, 82L, 81L, 80L, 
79L, 78L, 77L, 76L, 75L, 74L, 73L, 72L, 71L, 70L, 69L, 68L, 67L, 
66L, 65L, 64L, 63L, 62L, 61L, 60L, 59L, 58L, 57L, 56L, 55L, 54L, 
53L, 52L, 51L, 50L, 49L, 48L, 47L, 46L, 45L, 44L, 43L, 42L, 41L, 
40L, 39L, 38L, 37L, 36L, 35L, 34L, 33L, 32L, 31L, 30L, 29L, 28L, 
27L, 26L, 25L, 24L, 23L, 22L, 21L, 20L, 19L, 18L, 17L, 16L, 15L, 
14L, 13L, 12L, 11L, 10L, 9L, 8L, 7L, 6L, 5L, 4L, 3L, 2L, 1L, 
100L, 99L, 98L, 97L, 96L, 95L, 94L, 93L, 92L, 91L, 90L, 89L, 
88L, 87L, 86L, 85L, 84L, 83L, 82L, 81L, 80L, 79L, 78L, 77L, 76L, 
75L, 74L, 73L, 72L, 71L, 70L, 69L, 68L, 67L, 66L, 65L, 64L, 63L, 
62L, 61L, 60L, 59L, 58L), .Label = c("1000749457", "1001525580", 
"1002735177", "1003932683", "1004531650", "1006257250", "1006303349", 
"1006589396", "1008550133", "1009648046", "1010590825", "1010678431", 
"1011300238", "1011538142", "1011671737", "1012889475", "1014045961", 
"1015242495", "1015872710", "1016755517", "1016801756", "1017532883", 
"1017585325", "1017662002", "1017687580", "1017721154", "1018086312", 
"1018114025", "1018515035", "1018790787", "1019731083", "1020075523", 
"1020229433", "1020245859", "1020956906", "1021193104", "1021203821", 
"1021818696", "1022060705", "1023544785", "1023726410", "1023796355", 
"1023796377", "1024924861", "1025650656", "1026144456", "1026222258", 
"1027178702", "1027316930", "1027796415", "1028170014", "1028202014", 
"1028640152", "1028872980", "1029407703", "1029553823", "1029973052", 
"974312150", "974326392", "974337181", "974595692", "974645205", 
"976081392", "976221869", "976226047", "976249403", "976285261", 
"976946047", "976996497", "981764863", "981897178", "982408777", 
"984153721", "985435081", "986417860", "986531254", "987275586", 
"988445656", "990398090", "990953916", "991940122", "992191271", 
"992206921", "992451105", "992502039", "992508498", "992519186", 
"992626568", "993248915", "993674360", "993753135", "993929392", 
"995592122", "996396992", "996396996", "996859844", "998101633", 
"999061327", "999370155", "999808975"), class = "factor"), url = structure(c(2L, 
97L, 92L, 63L, 61L, 28L, 19L, 50L, 83L, 55L, 10L, 57L, 13L, 51L, 
17L, 18L, 85L, 66L, 6L, 60L, 75L, 42L, 95L, 48L, 86L, 64L, 90L, 
39L, 44L, 77L, 100L, 70L, 32L, 41L, 3L, 93L, 80L, 84L, 62L, 24L, 
65L, 54L, 52L, 25L, 53L, 16L, 20L, 23L, 49L, 74L, 68L, 73L, 45L, 
12L, 59L, 31L, 47L, 87L, 9L, 36L, 11L, 5L, 15L, 14L, 4L, 1L, 
29L, 26L, 67L, 88L, 71L, 99L, 33L, 40L, 37L, 38L, 7L, 96L, 46L, 
76L, 79L, 91L, 78L, 98L, 8L, 27L, 82L, 81L, 22L, 58L, 43L, 89L, 
69L, 35L, 56L, 21L, 30L, 94L, 34L, 72L, 2L, 97L, 92L, 63L, 61L, 
28L, 19L, 50L, 83L, 55L, 10L, 57L, 13L, 51L, 17L, 18L, 85L, 66L, 
6L, 60L, 75L, 42L, 95L, 48L, 86L, 64L, 90L, 39L, 44L, 77L, 100L, 
70L, 32L, 41L, 3L, 93L, 80L, 84L, 62L, 24L, 65L, 54L, 52L, 25L, 
53L, 16L, 20L, 23L, 49L, 74L, 68L, 73L, 45L, 12L, 59L, 31L, 47L, 
87L, 9L, 36L, 11L, 5L, 15L, 14L, 4L, 1L, 29L, 26L, 67L, 88L, 
71L, 99L, 33L, 40L, 37L, 38L, 7L, 96L, 46L, 76L, 79L, 91L, 78L, 
98L, 8L, 27L, 82L, 81L, 22L, 58L, 43L, 89L, 69L, 35L, 56L, 21L, 
30L, 94L, 34L, 72L, 2L, 97L, 92L, 63L, 61L, 28L, 19L, 50L, 83L, 
55L, 10L, 57L, 13L, 51L, 17L, 18L, 85L, 66L, 6L, 60L, 75L, 42L, 
95L, 48L, 86L, 64L, 90L, 39L, 44L, 77L, 100L, 70L, 32L, 41L, 
3L, 93L, 80L, 84L, 62L, 24L, 65L, 54L, 52L, 25L, 53L, 16L, 20L, 
23L, 49L, 74L, 68L, 73L, 45L, 12L, 59L, 31L, 47L, 87L, 9L, 36L, 
11L, 5L, 15L, 14L, 4L, 1L, 29L, 26L, 67L, 88L, 71L, 99L, 33L, 
40L, 37L, 38L, 7L, 96L, 46L, 76L, 79L, 91L, 78L, 98L, 8L, 27L, 
82L, 81L, 22L, 58L, 43L, 89L, 69L, 35L, 56L, 21L, 30L, 94L, 34L, 
72L, 2L, 97L, 92L, 63L, 61L, 28L, 19L, 50L, 83L, 55L, 10L, 57L, 
13L, 51L, 17L, 18L, 85L, 66L, 6L, 60L, 75L, 42L, 95L, 48L, 86L, 
64L, 90L, 39L, 44L, 77L, 100L, 70L, 32L, 41L, 3L, 93L, 80L, 84L, 
62L, 24L, 65L, 54L, 52L, 25L, 53L, 16L, 20L, 23L, 49L, 74L, 68L, 
73L, 45L, 12L, 59L, 31L, 47L, 87L, 9L, 36L, 11L, 5L, 15L, 14L, 
4L, 1L, 29L, 26L, 67L, 88L, 71L, 99L, 33L, 40L, 37L, 38L, 7L, 
96L, 46L, 76L, 79L, 91L, 78L, 98L, 8L, 27L, 82L, 81L, 22L, 58L, 
43L, 89L, 69L, 35L, 56L, 21L, 30L, 94L, 34L, 72L, 2L, 97L, 92L, 
63L, 61L, 28L, 19L, 50L, 83L, 55L, 10L, 57L, 13L, 51L, 17L, 18L, 
85L, 66L, 6L, 60L, 75L, 42L, 95L, 48L, 86L, 64L, 90L, 39L, 44L, 
77L, 100L, 70L, 32L, 41L, 3L, 93L, 80L, 84L, 62L, 24L, 65L, 54L, 
52L, 25L, 53L, 16L, 20L, 23L, 49L, 74L, 68L, 73L, 45L, 12L, 59L, 
31L, 47L, 87L, 9L, 36L, 11L, 5L, 15L, 14L, 4L, 1L, 29L, 26L, 
67L, 88L, 71L, 99L, 33L, 40L, 37L, 38L, 7L, 96L, 46L, 76L, 79L, 
91L, 78L, 98L, 8L, 27L, 82L, 81L, 22L, 58L, 43L, 89L, 69L, 35L, 
56L, 21L, 30L, 94L, 34L, 72L, 2L, 97L, 92L, 63L, 61L, 28L, 19L, 
50L, 83L, 55L, 10L, 57L, 13L, 51L, 17L, 18L, 85L, 66L, 6L, 60L, 
75L, 42L, 95L, 48L, 86L, 64L, 90L, 39L, 44L, 77L, 100L, 70L, 
32L, 41L, 3L, 93L, 80L, 84L, 62L, 24L, 65L, 54L, 52L, 25L, 53L, 
16L, 20L, 23L, 49L, 74L, 68L, 73L, 45L, 12L, 59L, 31L, 47L, 87L, 
9L, 36L, 11L, 5L, 15L, 14L, 4L, 1L, 29L, 26L, 67L, 88L, 71L, 
99L, 33L, 40L, 37L, 38L, 7L, 96L, 46L, 76L, 79L, 91L, 78L, 98L, 
8L, 27L, 82L, 81L, 22L, 58L, 43L, 89L, 69L, 35L, 56L, 21L, 30L, 
94L, 34L, 72L),