structure(list(ID = structure(c(53L, 52L, 51L, 50L, 49L, 48L, 
47L, 46L, 45L, 44L, 43L, 42L, 41L, 40L, 39L, 38L, 37L, 36L, 35L, 
34L, 33L, 32L, 31L, 30L, 29L, 28L, 27L, 26L, 25L, 24L, 23L, 22L, 
21L, 20L, 19L, 18L, 17L, 16L, 15L, 14L, 13L, 12L, 11L, 10L, 9L, 
8L, 7L, 6L, 5L, 4L, 3L, 2L, 1L, 100L, 99L, 98L, 97L, 96L, 95L, 
94L, 93L, 92L, 91L, 90L, 89L, 88L, 87L, 86L, 85L, 84L, 83L, 82L, 
81L, 80L, 79L, 78L, 77L, 76L, 75L, 74L, 73L, 72L, 71L, 70L, 69L, 
68L, 67L, 66L, 65L, 64L, 63L, 62L, 61L, 60L, 59L, 58L, 57L, 56L, 
55L, 54L, 53L, 52L, 51L, 50L, 49L, 48L, 47L, 46L, 45L, 44L, 43L, 
42L, 41L, 40L, 39L, 38L, 37L, 36L, 35L, 34L, 33L, 32L, 31L, 30L, 
29L, 28L, 27L, 26L, 25L, 24L, 23L, 22L, 21L, 20L, 19L, 18L, 17L, 
16L, 15L, 14L, 13L, 12L, 11L, 10L, 9L, 8L, 7L, 6L, 5L, 4L, 3L, 
2L, 1L, 100L, 99L, 98L, 97L, 96L, 95L, 94L, 93L, 92L, 91L, 90L, 
89L, 88L, 87L, 86L, 85L, 84L, 83L, 82L, 81L, 80L, 79L, 78L, 77L, 
76L, 75L, 74L, 73L, 72L, 71L, 70L, 69L, 68L, 67L, 66L, 65L, 64L, 
63L, 62L, 61L, 60L, 59L, 58L, 57L, 56L, 55L, 54L, 53L, 52L, 51L, 
50L, 49L, 48L, 47L, 46L, 45L, 44L, 43L, 42L, 41L, 40L, 39L, 38L, 
37L, 36L, 35L, 34L, 33L, 32L, 31L, 30L, 29L, 28L, 27L, 26L, 25L, 
24L, 23L, 22L, 21L, 20L, 19L, 18L, 17L, 16L, 15L, 14L, 13L, 12L, 
11L, 10L, 9L, 8L, 7L, 6L, 5L, 4L, 3L, 2L, 1L, 100L, 99L, 98L, 
97L, 96L, 95L, 94L, 93L, 92L, 91L, 90L, 89L, 88L, 87L, 86L, 85L, 
84L, 83L, 82L, 81L, 80L, 79L, 78L, 77L, 76L, 75L, 74L, 73L, 72L, 
71L, 70L, 69L, 68L, 67L, 66L, 65L, 64L, 63L, 62L, 61L, 60L, 59L, 
58L, 57L, 56L, 55L, 54L, 53L, 52L, 51L, 50L, 49L, 48L, 47L, 46L, 
45L, 44L, 43L, 42L, 41L, 40L, 39L, 38L, 37L, 36L, 35L, 34L, 33L, 
32L, 31L, 30L, 29L, 28L, 27L, 26L, 25L, 24L, 23L, 22L, 21L, 20L, 
19L, 18L, 17L, 16L, 15L, 14L, 13L, 12L, 11L, 10L, 9L, 8L, 7L, 
6L, 5L, 4L, 3L, 2L, 1L, 100L, 99L, 98L, 97L, 96L, 95L, 94L, 93L, 
92L, 91L, 90L, 89L, 88L, 87L, 86L, 85L, 84L, 83L, 82L, 81L, 80L, 
79L, 78L, 77L, 76L, 75L, 74L, 73L, 72L, 71L, 70L, 69L, 68L, 67L, 
66L, 65L, 64L, 63L, 62L, 61L, 60L, 59L, 58L, 57L, 56L, 55L, 54L, 
53L, 52L, 51L, 50L, 49L, 48L, 47L, 46L, 45L, 44L, 43L, 42L, 41L, 
40L, 39L, 38L, 37L, 36L, 35L, 34L, 33L, 32L, 31L, 30L, 29L, 28L, 
27L, 26L, 25L, 24L, 23L, 22L, 21L, 20L, 19L, 18L, 17L, 16L, 15L, 
14L, 13L, 12L, 11L, 10L, 9L, 8L, 7L, 6L, 5L, 4L, 3L, 2L, 1L, 
100L, 99L, 98L, 97L, 96L, 95L, 94L, 93L, 92L, 91L, 90L, 89L, 
88L, 87L, 86L, 85L, 84L, 83L, 82L, 81L, 80L, 79L, 78L, 77L, 76L, 
75L, 74L, 73L, 72L, 71L, 70L, 69L, 68L, 67L, 66L, 65L, 64L, 63L, 
62L, 61L, 60L, 59L, 58L, 57L, 56L, 55L, 54L), .Label = c("1000417618", 
"1001876161", "1001943749", "1001969978", "1002740222", "1004410699", 
"1004685985", "1005016693", "1005019194", "1005060271", "1005089621", 
"1005195124", "1006797541", "1006820580", "1007581484", "1007950613", 
"1008324263", "1008442816", "1008449946", "1008534067", "1009769808", 
"1010632733", "1011538142", "1012054955", "1012724497", "1013176819", 
"1014045961", "1014662733", "1015573409", "1016763933", "1017766537", 
"1017774948", "1017785599", "1018104100", "1020143067", "1020433134", 
"1021142972", "1021636528", "1021793536", "1021836977", "1021991386", 
"1022034631", "1022762148", "1022762359", "1022778519", "1022780368", 
"1023714332", "1024506170", "1025669239", "1026076933", "1026559879", 
"1026559931", "1026738802", "957382529", "957885002", "958393771", 
"958445664", "958606464", "959216314", "960929949", "960936261", 
"961002791", "961960896", "962387883", "962692247", "963943504", 
"963965571", "964860381", "964883483", "965236451", "967960579", 
"969560571", "970439176", "972358756", "974119801", "976052030", 
"977359157", "980300454", "980669937", "981776146", "981826170", 
"982525997", "984171729", "985649095", "985786793", "985861152", 
"986195631", "986879704", "987062763", "987897044", "987962548", 
"992121473", "994990333", "995552824", "995704618", "996396992", 
"996769131", "998479351", "999370154", "999382266"), class = "factor"), 
    url = structure(c(7L, 60L, 36L, 65L, 30L, 98L, 53L, 32L, 
    75L, 99L, 74L, 87L, 51L, 95L, 55L, 6L, 89L, 43L, 70L, 23L, 
    100L, 33L, 76L, 37L, 69L, 50L, 64L, 39L, 44L, 52L, 22L, 2L, 
    12L, 86L, 97L, 62L, 5L, 90L, 10L, 15L, 27L, 85L, 59L, 61L, 
    81L, 77L, 49L, 88L, 35L, 14L, 3L, 18L, 63L, 26L, 4L, 25L, 
    45L, 11L, 54L, 13L, 42L, 94L, 9L, 46L, 17L, 96L, 8L, 57L, 
    38L, 84L, 24L, 67L, 83L, 58L, 31L, 66L, 48L, 47L, 41L, 1L, 
    29L, 21L, 34L, 93L, 73L, 16L, 72L, 82L, 28L, 40L, 71L, 56L, 
    79L, 80L, 78L, 68L, 20L, 19L, 92L, 91L, 7L, 60L, 36L, 65L, 
    30L, 98L, 53L, 32L, 75L, 99L, 74L, 87L, 51L, 95L, 55L, 6L, 
    89L, 43L, 70L, 23L, 100L, 33L, 76L, 37L, 69L, 50L, 64L, 39L, 
    44L, 52L, 22L, 2L, 12L, 86L, 97L, 62L, 5L, 90L, 10L, 15L, 
    27L, 85L, 59L, 61L, 81L, 77L, 49L, 88L, 35L, 14L, 3L, 18L, 
    63L, 26L, 4L, 25L, 45L, 11L, 54L, 13L, 42L, 94L, 9L, 46L, 
    17L, 96L, 8L, 57L, 38L, 84L, 24L, 67L, 83L, 58L, 31L, 66L, 
    48L, 47L, 41L, 1L, 29L, 21L, 34L, 93L, 73L, 16L, 72L, 82L, 
    28L, 40L, 71L, 56L, 79L, 80L, 78L, 68L, 20L, 19L, 92L, 91L, 
    7L, 60L, 36L, 65L, 30L, 98L, 53L, 32L, 75L, 99L, 74L, 87L, 
    51L, 95L, 55L, 6L, 89L, 43L, 70L, 23L, 100L, 33L, 76L, 37L, 
    69L, 50L, 64L, 39L, 44L, 52L, 22L, 2L, 12L, 86L, 97L, 62L, 
    5L, 90L, 10L, 15L, 27L, 85L, 59L, 61L, 81L, 77L, 49L, 88L, 
    35L, 14L, 3L, 18L, 63L, 26L, 4L, 25L, 45L, 11L, 54L, 13L, 
    42L, 94L, 9L, 46L, 17L, 96L, 8L, 57L, 38L, 84L, 24L, 67L, 
    83L, 58L, 31L, 66L, 48L, 47L, 41L, 1L, 29L, 21L, 34L, 93L, 
    73L, 16L, 72L, 82L, 28L, 40L, 71L, 56L, 79L, 80L, 78L, 68L, 
    20L, 19L, 92L, 91L, 7L, 60L, 36L, 65L, 30L, 98L, 53L, 32L, 
    75L, 99L, 74L, 87L, 51L, 95L, 55L, 6L, 89L, 43L, 70L, 23L, 
    100L, 33L, 76L, 37L, 69L, 50L, 64L, 39L, 44L, 52L, 22L, 2L, 
    12L, 86L, 97L, 62L, 5L, 90L, 10L, 15L, 27L, 85L, 59L, 61L, 
    81L, 77L, 49L, 88L, 35L, 14L, 3L, 18L, 63L, 26L, 4L, 25L, 
    45L, 11L, 54L, 13L, 42L, 94L, 9L, 46L, 17L, 96L, 8L, 57L, 
    38L, 84L, 24L, 67L, 83L, 58L, 31L, 66L, 48L, 47L, 41L, 1L, 
    29L, 21L, 34L, 93L, 73L, 16L, 72L, 82L, 28L, 40L, 71L, 56L, 
    79L, 80L, 78L, 68L, 20L, 19L, 92L, 91L, 7L, 60L, 36L, 65L, 
    30L, 98L, 53L, 32L, 75L, 99L, 74L, 87L, 51L, 95L, 55L, 6L, 
    89L, 43L, 70L, 23L, 100L, 33L, 76L, 37L, 69L, 50L, 64L, 39L, 
    44L, 52L, 22L, 2L, 12L, 86L, 97L, 62L, 5L, 90L, 10L, 15L, 
    27L, 85L, 59L, 61L, 81L, 77L, 49L, 88L, 35L, 14L, 3L, 18L, 
    63L, 26L, 4L, 25L, 45L, 11L, 54L, 13L, 42L, 94L, 9L, 46L, 
    17L, 96L, 8L, 57L, 38L, 84L, 24L, 67L, 83L, 58L, 31L, 66L, 
    48L, 47L, 41L, 1L, 29L, 21L, 34L, 93L, 73L, 16L, 72L, 82L, 
    28L, 40L, 71L, 56L, 79L, 80L, 78L, 68L, 20L, 19L, 92L, 91L
    ),