structure(list(ID = structure(c(11L, 10L, 9L, 8L, 7L, 6L, 5L, 
4L, 3L, 2L, 1L, 59L, 58L, 57L, 56L, 55L, 54L, 53L, 52L, 51L, 
50L, 49L, 48L, 47L, 46L, 45L, 44L, 43L, 42L, 41L, 40L, 39L, 38L, 
37L, 36L, 35L, 34L, 33L, 32L, 31L, 30L, 29L, 28L, 27L, 26L, 25L, 
24L, 23L, 22L, 21L, 20L, 19L, 18L, 17L, 16L, 15L, 14L, 13L, 12L
), .Label = c("1000725613", "1001420590", "1002517761", "1005354959", 
"1007205835", "1009306094", "1009816831", "1023824986", "1023877119", 
"1025669239", "1026086109", "805066777", "808016009", "811339652", 
"812346597", "818713124", "820674838", "836110001", "837452388", 
"838949046", "840210245", "848323807", "854349532", "859232765", 
"861497263", "861552757", "861697417", "863653493", "863696384", 
"863741761", "868354421", "869113764", "869171004", "869757211", 
"877088999", "877099811", "881340929", "896280792", "908398983", 
"911911179", "921584467", "923902056", "932640431", "933806547", 
"936619069", "937885320", "939240668", "939357423", "942047947", 
"953294333", "955133402", "971391221", "979576954", "992802902", 
"993977166", "994727619", "995922988", "996130131", "998479351"
), class = "factor"), url = structure(c(34L, 18L, 33L, 54L, 29L, 
37L, 22L, 19L, 7L, 47L, 20L, 17L, 36L, 1L, 35L, 31L, 16L, 50L, 
32L, 6L, 21L, 52L, 13L, 14L, 5L, 30L, 10L, 41L, 49L, 48L, 40L, 
43L, 56L, 2L, 57L, 58L, 9L, 23L, 44L, 3L, 25L, 26L, 45L, 24L, 
27L, 46L, 53L, 8L, 55L, 15L, 11L, 39L, 42L, 51L, 2L, 28L, 12L, 
4L, 38L), .Label = c("http://bengaluru.citizenmatters.in/meghshalas-teaching-and-learning-app-for-teachers-students-parents-28885", 
"http://businessworld.in/article/Learning-Hub-at-Stonehill-International-School/23-02-2018-141562", 
"http://businessworld.in/article/Tech-Help-to-Connect-Parents-to-Their-Child-s-Learning-Process-Orchids-The-International-School-/15-05-2018-149182", 
"http://bwdisrupt.businessworld.in/article/To-B-Schooled-or-Not-to-Be-Learning-Business-from-Family-versus-a-B-School-/08-06-2017-119704", 
"http://heraldkeeper.com/market/global-virtual-schools-market-will-grow-12-5-cagr-top-business-players-k12-inc-connections-academy-mosaica-education-pansophic-learning-florida-virtual-school-charter-schools-usa-b-109219.html", 
"http://heraldkeeper.com/market/machine-learning-courses-market-booming-worldwide-edx-ivy-professional-school-nobleprog-udacity-130127.html", 
"http://tehelka.com/make-police-public-school-best-learning-institutes-says-haryana-dgp-bs-sandhu/", 
"http://www.asianage.com/entertainment/bollywood/220418/rajkumar-hiranis-son-learning-filmmaking-at-ghais-school.html", 
"http://www.asianage.com/metros/mumbai/170518/new-school-textbooks-to-be-based-on-practical-learning.html", 
"http://www.centralchronicle.com/chronicle-reporter-bhopal-professional-social-work-students-association-and-unnat-bharat-abhiyan-team-of-the-bhopal-school-of-social-sciences-observed-international-youth-day-31-young-and-energeti.html", 
"http://www.dnaindia.com/delhi/report-classes-wrapped-up-abruptly-school-of-open-learning-students-left-in-lurch-2598144", 
"http://www.medindia.net/news/before-school-physical-activity-improves-learning-and-body-weight-176923-1.htm", 
"http://www.newindianexpress.com/cities/bengaluru/2018/sep/05/at-the-civic-body-school-in-bengalurus-shivajinagar-learning-english-was-never-this-easy-1867813.html", 
"http://www.newindianexpress.com/cities/bengaluru/2018/sep/05/at-this-bbmp-school-learning-english-was-never-this-easy-1867813.html", 
"http://www.newindianexpress.com/cities/kochi/2018/mar/29/learning-gets-easier-for-differently-abled-students-of-aluva-school-for-the-blind-1793997.html", 
"http://www.newindianexpress.com/states/karnataka/2018/nov/12/this-school-in-karnatakas-gadag-district-makes-learning-easier-1897085.html", 
"http://www.newindianexpress.com/states/tamil-nadu/2018/nov/19/government-school-students-in-this-tamil-nadu-village-are-learning-programming-courtesy-amazon-1900271.html", 
"http://www.newindianexpress.com/states/telangana/2018/dec/24/learning-in-woods-govt-school-kids-taken-on-field-trip-to-forest-1915734.html", 
"http://www.newspatrolling.com/chuchu-tv-skoolbo-launches-chuchu-school-learning-apps-2/", 
"http://www.newspatrolling.com/chuchu-tv-skoolbo-launches-chuchu-school-learning-apps/", 
"http://www.newspatrolling.com/early-learning-village-pre-school-emerges-as-preferred-choice-for-parents-in-gurgaon/", 
"http://www.newspatrolling.com/online-learning-and-impact-on-school-education/", 
"http://www.sify.com/finance/adani-foundation-cambridge-university-press-to-enrich-school-learning-news-news-sfqpcJeghhech.html", 
"http://www.sify.com/finance/fullstory.php?a=sfdtdVgehcbcj&title=Indian_School_of_Hospitality_signs_MoU_with_Gems_Education_for_global_learning_%26amp%3B_academic_pursuits", 
"http://www.sify.com/finance/fullstory.php?a=sfhrVbacabdhb&title=Heritage_Xperiential_learning_school_introduces_HXLS_Makerspace_in_curriculum", 
"http://www.sify.com/finance/heritage-xperiential-learning-school-introduces-hxls-makerspace-in-curriculum-news-news-sfhrVbacabdhb.html", 
"http://www.sify.com/finance/indian-school-of-hospitality-signs-mou-with-gems-education-for-global-learning-amp-academic-pursuits-news-news-sfdtdVgehcbcj.html", 
"http://www.thehindu.com/news/cities/Coimbatore/child-friendly-learning-method-for-primary-school-children/article22745699.ece", 
"https://defenceaviationpost.com/indian-military-divided-on-integration-but-air-force-chefs-are-learning-from-navy-school/", 
"https://indianexpress.com/article/delhi/vice-principal-of-govt-school-kept-money-for-learning-material-claims-govt-5334568/", 
"https://indianexpress.com/article/parenting/blog/childrens-day-learning-teaching-students-mcd-school-5445627/", 
"https://ittechherald.com/2018/10/17/global-machine-learning-courses-market-2018-2025-key-players-ivy-professional-school-nobleprog-udacity-and-edx/", 
"https://starofmysore.com/tinkering-lab-concept-at-lions-sevaniketan-school-learning-made-fun/", 
"https://swarajyamag.com/insta/changing-the-face-of-indian-education-centre-to-cut-school-syllabus-get-kids-focussed-on-experiential-learning", 
"https://thefreenewsman.com/kirchgater-elementary-school-gators-state-testing-results-rise-above-the-rest-with-individualized-learning/1185680/", 
"https://thefreenewsman.com/machine-learning-courses-market-comprehensive-study-explores-huge-growth-in-future-leading-key-players-edx-ivy-professional-school-nobleprog-udacity/1193610/", 
"https://theprint.in/security/indian-military-divided-on-integration-but-air-force-chefs-are-learning-from-navy-school/157978/", 
"https://timesofindia.indiatimes.com/business/india-business/fm-arun-jaitley-echoes-eco-survey-takes-e-learning-to-school/articleshow/62748550.cms", 
"https://timesofindia.indiatimes.com/city/chennai/digital-learning-in-primary-school/articleshow/63436442.cms", 
"https://timesofindia.indiatimes.com/city/ranchi/ranchi-school-students-to-learn-braille-from-annie-countrys-first-self-learning-braille-device-launched/articleshow/65123608.cms", 
"https://timesofindia.indiatimes.com/city/vadodara/city-school-uses-traditional-board-games-for-better-learning/articleshow/65555196.cms", 
"https://timesofindia.indiatimes.com/home/education/news/creaking-school-infrastructure-hitting-kids-learning/articleshow/63405672.cms", 
"https://timesofindia.indiatimes.com/home/education/news/experiential-learning-changed-the-face-of-this-government-school-read-how/articleshow/65048279.cms", 
"https://www.aninews.in/news/adani-foundation-cambridge-university-press-to-enrich-school-learning201805161343300003/", 
"https://www.aninews.in/news/heritage-xperiential-learning-school-introduces-hxls-makerspace-in-curriculum201805071654050002/", 
"https://www.aninews.in/news/indian-school-of-hospitality-signs-mou-with-gems-education-for-global-learning-amp-academic-pursuits201805031755350001/", 
"https://www.business-standard.com/article/pti-stories/indiannica-learning-organizes-know-for-sure-quiz-at-st-thomas-school-delhi-118112300356_1.html", 
