structure(list(ID = structure(c(17L, 16L, 15L, 14L, 13L, 12L, 
11L, 10L, 9L, 8L, 7L, 6L, 5L, 4L, 3L, 2L, 1L, 100L, 99L, 98L, 
97L, 96L, 95L, 94L, 93L, 92L, 91L, 90L, 89L, 88L, 87L, 86L, 85L, 
84L, 83L, 82L, 81L, 80L, 79L, 78L, 77L, 76L, 75L, 74L, 73L, 72L, 
71L, 70L, 69L, 68L, 67L, 66L, 65L, 64L, 63L, 62L, 61L, 60L, 59L, 
58L, 57L, 56L, 55L, 54L, 53L, 52L, 51L, 50L, 49L, 48L, 47L, 46L, 
45L, 44L, 43L, 42L, 41L, 40L, 39L, 38L, 37L, 36L, 35L, 34L, 33L, 
32L, 31L, 30L, 29L, 28L, 27L, 26L, 25L, 24L, 23L, 22L, 21L, 20L, 
19L, 18L, 17L, 16L, 15L, 14L, 13L, 12L, 11L, 10L, 9L, 8L, 7L, 
6L, 5L, 4L, 3L, 2L, 1L, 100L, 99L, 98L, 97L, 96L, 95L, 94L, 93L, 
92L, 91L, 90L, 89L, 88L, 87L, 86L, 85L, 84L, 83L, 82L, 81L, 80L, 
79L, 78L, 77L, 76L, 75L, 74L, 73L, 72L, 71L, 70L, 69L, 68L, 67L, 
66L, 65L, 64L, 63L, 62L, 61L, 60L, 59L, 58L, 57L, 56L, 55L, 54L, 
53L, 52L, 51L, 50L, 49L, 48L, 47L, 46L, 45L, 44L, 43L, 42L, 41L, 
40L, 39L, 38L, 37L, 36L, 35L, 34L, 33L, 32L, 31L, 30L, 29L, 28L, 
27L, 26L, 25L, 24L, 23L, 22L, 21L, 20L, 19L, 18L), .Label = c("1000623884", 
"1000637446", "1000763355", "1004844692", "1007186704", "1009183946", 
"1009247100", "1011063459", "1019515305", "1020468934", "1024436117", 
"1027303094", "1028080142", "1028146960", "1028153347", "1030138826", 
"1030170287", "819467896", "822836985", "828705122", "828741094", 
"828781502", "829487404", "832894841", "834764197", "834845334", 
"837452388", "837726882", "838206763", "841776801", "845532281", 
"845759924", "846382677", "848323896", "850654484", "853753544", 
"865364016", "865606082", "872721453", "874893895", "888020077", 
"888034309", "892416988", "892561947", "892883522", "897008759", 
"899425469", "900517836", "901480793", "905584707", "905905807", 
"906016781", "907807270", "907977383", "910301345", "911213415", 
"912182505", "914881022", "919320207", "920793620", "923055210", 
"925637556", "925644459", "927418003", "930522833", "930639625", 
"930984706", "938589518", "938635032", "939153817", "942076988", 
"948343573", "952436237", "953877282", "955268836", "958108563", 
"958109792", "958113548", "958115750", "958169265", "958281746", 
"959025683", "959242409", "959285806", "961429199", "962044117", 
"968378825", "969555147", "974632069", "976476902", "977974882", 
"977999175", "978190298", "994485117", "995921209", "996415103", 
"997935784", "998191686", "999312792", "999382266"), class = "factor"), 
    url = structure(c(11L, 51L, 23L, 40L, 72L, 79L, 87L, 84L, 
    73L, 28L, 7L, 31L, 8L, 24L, 76L, 60L, 89L, 25L, 21L, 55L, 
    41L, 10L, 4L, 42L, 14L, 62L, 61L, 38L, 17L, 78L, 54L, 45L, 
    70L, 16L, 53L, 99L, 91L, 33L, 67L, 75L, 27L, 95L, 36L, 50L, 
    46L, 30L, 47L, 6L, 96L, 35L, 58L, 69L, 37L, 63L, 94L, 98L, 
    20L, 71L, 26L, 48L, 18L, 52L, 39L, 64L, 92L, 65L, 32L, 68L, 
    34L, 13L, 97L, 100L, 29L, 80L, 56L, 74L, 66L, 77L, 82L, 88L, 
    2L, 3L, 12L, 15L, 22L, 43L, 19L, 57L, 5L, 81L, 49L, 90L, 
    44L, 93L, 85L, 86L, 1L, 59L, 9L, 83L, 11L, 51L, 23L, 40L, 
    72L, 79L, 87L, 84L, 73L, 28L, 7L, 31L, 8L, 24L, 76L, 60L, 
    89L, 25L, 21L, 55L, 41L, 10L, 4L, 42L, 14L, 62L, 61L, 38L, 
    17L, 78L, 54L, 45L, 70L, 16L, 53L, 99L, 91L, 33L, 67L, 75L, 
    27L, 95L, 36L, 50L, 46L, 30L, 47L, 6L, 96L, 35L, 58L, 69L, 
    37L, 63L, 94L, 98L, 20L, 71L, 26L, 48L, 18L, 52L, 39L, 64L, 
    92L, 65L, 32L, 68L, 34L, 13L, 97L, 100L, 29L, 80L, 56L, 74L, 
    66L, 77L, 82L, 88L, 2L, 3L, 12L, 15L, 22L, 43L, 19L, 57L, 
    5L, 81L, 49L, 90L, 44L, 93L, 85L, 86L, 1L, 59L, 9L, 83L), .Label = c("http://indianexpress.com/article/cities/patna/one-primary-school-at-every-1-km-in-bihar-minister-5092912/", 
    "http://indianexpress.com/article/education/up-scert-books-with-qr-codes-to-be-introduced-for-primary-middle-school-students-5170734/", 
    "http://indianexpress.com/article/trending/viral-videos-trending/drunk-driver-in-china-crashes-car-into-a-primary-school-gate-5145436/", 
    "http://pragativadi.com/primary-school-headmaster-suspended-for-engaging-students-in-personal-work/", 
    "http://www.assamtribune.com/scripts/detailsnew.asp?id=mar2618%2Fstate051", 
    "http://www.assamtribune.com/scripts/detailsnew.asp?id=sep0518%2Fstate057", 
    "http://www.centralchronicle.com/campion-school-celebrates-primary-section-annual-day-function.html", 
    "http://www.centralchronicle.com/campion-school-will-be-celebrating-primary-section-annual-day-function-2018.html", 
    "http://www.centralchronicle.com/primary-school-children-studying-through-digital-medium.html", 
    "http://www.dailyexcelsior.com/chinar-primary-school-organises-sports-day/", 
    "http://www.dailyexcelsior.com/introduce-moral-education-subject-in-every-school-from-primary-level-sham-sharma/", 
    "http://www.dnaindia.com/ahmedabad/report-889-amc-run-primary-school-kids-addicted-to-tobacco-gutka-2605365", 
    "http://www.dnaindia.com/india/report-come-clean-shaved-wearing-formals-with-shoes-on-yogi-govt-tells-primary-school-teachers-2633879", 
    "http://www.freepressjournal.in/latest-news/delhi-human-skeleton-found-inside-tank-of-mcd-primary-school-probe-underway/1383265", 
    "http://www.greaterkashmir.com/news/kashmir/govt-primary-school-hajin-lacks-basic-facilities/281499.html", 
    "http://www.newindianexpress.com/cities/hyderabad/2018/oct/02/after-alleged-rape-of-ukg-student-azaan-international-schools-pre-primary-classes-de-recognised-1879925.html", 
    "http://www.newindianexpress.com/cities/hyderabad/2018/oct/21/hyderabad-azaan-international-school-likely-to-resume-pre-primary-classes-soon-1887978.html", 
    "http://www.newindianexpress.com/nation/2018/jul/25/five-government-primary-school-in-uttar-pradeshs-deoria-having-friday-off-1848312.html", 
    "http://www.newindianexpress.com/states/andhra-pradesh/2018/apr/07/comptroller-and-auditor-general-primary-school-enrolment-on-decline-in-andhra-pradesh-1798174.html", 
    "http://www.newindianexpress.com/states/karnataka/2018/aug/11/primary-school-kids-forced-to-wash-toilets-bikes-in-gokak-teachers-face-enquiry-1856306.html", 
    "http://www.newindianexpress.com/states/kerala/2018/nov/20/kerala-primary-school-teachers-get-acquainted-with-english-education-software-1900533.html", 
    "http://www.newindianexpress.com/states/odisha/2018/apr/09/primary-school-in-a-dilapidated-condition-1798905.html", 
    "http://www.newindianexpress.com/states/odisha/2018/dec/28/odisha-smartphones-to-help-primary-school-students-in-ganjam-district-1917649.html", 
    "http://www.newindianexpress.com/states/odisha/2018/nov/27/primary-school-runs-from-a-shade-1903841.html", 
    "http://www.newindianexpress.com/states/tamil-nadu/2018/nov/20/this-158-year-old-government-primary-school-in-erode-has-only-english-medium-classes-1900664.html", 
    "http://www.newindianexpress.com/thesundaystandard/2018/aug/05/despite-setbacks-aasim-continues-to-fight-for-upgradation-of-his-primary-school-1853325.html", 
    "http://www.newindianexpress.com/world/2018/sep/30/boys-primary-school-blown-up-in-pakistan-1879221.html", 
    "http://www.newspatrolling.com/oxford-university-press-launches-a-course-in-tamil-for-primary-school-students/", 
    "http://www.thehindu.com/news/cities/Coimbatore/starting-of-english-medium-saves-panchayat-union-primary-school-from-closure/article24244593.ece", 
    "https://citytoday.news/govt-primary-school-attenders-demand-minimum-wages/", 
    "https://citytoday.news/selection-counseling-for-primary-school-teachers-100-selected/", 
    "https://indianexpress.com/article/education/haryana-launches-i-am-not-afraid-of-english-programme-for-primary-school-students-5260420/", 
    "https://indianexpress.com/article/pakistan/pakistan-school-blast-taliban-5380367/", 
    "https://indianexpress.com/article/parenting/learning/5-seriously-funny-books-for-kids-in-primary-school5248298/", 
    "https://indianexpress.com/article/world/london-fire-dagenham-primary-school-5338589/", 
