structure(list(ID = structure(c(19L, 18L, 17L, 16L, 15L, 14L, 
13L, 12L, 11L, 10L, 9L, 8L, 7L, 6L, 5L, 4L, 3L, 2L, 1L, 100L, 
99L, 98L, 97L, 96L, 95L, 94L, 93L, 92L, 91L, 90L, 89L, 88L, 87L, 
86L, 85L, 84L, 83L, 82L, 81L, 80L, 79L, 78L, 77L, 76L, 75L, 74L, 
73L, 72L, 71L, 70L, 69L, 68L, 67L, 66L, 65L, 64L, 63L, 62L, 61L, 
60L, 59L, 58L, 57L, 56L, 55L, 54L, 53L, 52L, 51L, 50L, 49L, 48L, 
47L, 46L, 45L, 44L, 43L, 42L, 41L, 40L, 39L, 38L, 37L, 36L, 35L, 
34L, 33L, 32L, 31L, 30L, 29L, 28L, 27L, 26L, 25L, 24L, 23L, 22L, 
21L, 20L, 19L, 18L, 17L, 16L, 15L, 14L, 13L, 12L, 11L, 10L, 9L, 
8L, 7L, 6L, 5L, 4L, 3L, 2L, 1L, 100L, 99L, 98L, 97L, 96L, 95L, 
94L, 93L, 92L, 91L, 90L, 89L, 88L, 87L, 86L, 85L, 84L, 83L, 82L, 
81L, 80L, 79L, 78L, 77L, 76L, 75L, 74L, 73L, 72L, 71L, 70L, 69L, 
68L, 67L, 66L, 65L, 64L, 63L, 62L, 61L, 60L, 59L, 58L, 57L, 56L, 
55L, 54L, 53L, 52L, 51L, 50L, 49L, 48L, 47L, 46L, 45L, 44L, 43L, 
42L, 41L, 40L, 39L, 38L, 37L, 36L, 35L, 34L, 33L, 32L, 31L, 30L, 
29L, 28L, 27L, 26L, 25L, 24L, 23L, 22L, 21L, 20L), .Label = c("1001604414", 
"1001943749", "1002049627", "1002239445", "1004812188", "1004868393", 
"1005019201", "1007774147", "1012502337", "1012789763", "1013176819", 
"1013318530", "1014045961", "1022884048", "1025378315", "1027334624", 
"1027514629", "1027603026", "1028187811", "890811460", "892871840", 
"893583371", "894270064", "896025328", "898932355", "899990541", 
"900201393", "901192948", "901296057", "901411559", "901540370", 
"903045787", "903053868", "903665078", "905964385", "907251598", 
"908245242", "909053184", "909646102", "913753972", "917493021", 
"917500878", "917505342", "917595442", "917863406", "918157898", 
"918301530", "918853491", "918959086", "919223545", "920734066", 
"921294854", "925172292", "926176385", "929056192", "929606187", 
"930802368", "930966075", "932015012", "932336546", "936666781", 
"936694108", "936706554", "936720014", "936761241", "936803489", 
"936816896", "937824810", "938434879", "948063285", "952581209", 
"952589803", "952645630", "952651521", "955053514", "955626614", 
"957741678", "957824669", "957865179", "957934916", "962698202", 
"963750515", "965974436", "969419629", "972276970", "972319403", 
"972521845", "972789072", "973963642", "974719897", "974735012", 
"974749510", "977318299", "978419788", "978436097", "986670404", 
"987076136", "990324414", "990442480", "996396992"), class = "factor"), 
    url = structure(c(19L, 89L, 90L, 88L, 40L, 35L, 56L, 8L, 
    44L, 86L, 75L, 60L, 76L, 97L, 41L, 1L, 57L, 13L, 80L, 20L, 
    46L, 2L, 3L, 85L, 68L, 30L, 81L, 100L, 83L, 69L, 43L, 87L, 
    7L, 74L, 58L, 96L, 50L, 49L, 25L, 47L, 24L, 23L, 98L, 82L, 
    36L, 18L, 26L, 51L, 53L, 28L, 9L, 48L, 93L, 15L, 95L, 32L, 
    61L, 65L, 63L, 45L, 34L, 11L, 10L, 71L, 6L, 79L, 72L, 59L, 
    67L, 84L, 16L, 39L, 17L, 14L, 94L, 91L, 31L, 64L, 62L, 27L, 
    78L, 5L, 38L, 55L, 12L, 73L, 33L, 66L, 77L, 4L, 99L, 21L, 
    52L, 70L, 54L, 37L, 92L, 29L, 22L, 42L, 19L, 89L, 90L, 88L, 
    40L, 35L, 56L, 8L, 44L, 86L, 75L, 60L, 76L, 97L, 41L, 1L, 
    57L, 13L, 80L, 20L, 46L, 2L, 3L, 85L, 68L, 30L, 81L, 100L, 
    83L, 69L, 43L, 87L, 7L, 74L, 58L, 96L, 50L, 49L, 25L, 47L, 
    24L, 23L, 98L, 82L, 36L, 18L, 26L, 51L, 53L, 28L, 9L, 48L, 
    93L, 15L, 95L, 32L, 61L, 65L, 63L, 45L, 34L, 11L, 10L, 71L, 
    6L, 79L, 72L, 59L, 67L, 84L, 16L, 39L, 17L, 14L, 94L, 91L, 
    31L, 64L, 62L, 27L, 78L, 5L, 38L, 55L, 12L, 73L, 33L, 66L, 
    77L, 4L, 99L, 21L, 52L, 70L, 54L, 37L, 92L, 29L, 22L, 42L
    ), .Label = c("http://risingkashmir.com/news/20-people-including-school-children-killed-as-private-bus-plunges-into-canal-in-karnataka", 
    "http://risingkashmir.com/news/govt-fines-bandipora-private-school-of-rs-25000-for-selling-books", 
    "http://risingkashmir.com/news/private-school-book-shop-penalized-for-restrictive-trade-practice", 
    "http://www.dnaindia.com/ahmedabad/report-faa-files-pil-against-private-tuitions-by-school-teachers-2634641", 
    "http://www.dnaindia.com/india/report-nationwide-chakka-jam-as-school-private-buses-join-tempo-strike-today-2639357", 
    "http://www.freepressjournal.in/entertainment/no-private-security-for-junior-nawab-taimur-ali-khan-but-boarding-school-will-happen/1339976", 
    "http://www.freepressjournal.in/latest-news/shocking-private-school-owner-in-rajkot-receives-parcel-bomb-in-gift-box/1378258", 
    "http://www.newindianexpress.com/cities/bengaluru/2018/dec/07/parents-activists-upset-say-govt-buckled-to-private-school-lobby-1908329.html", 
    "http://www.newindianexpress.com/cities/bengaluru/2018/sep/04/pop-it-bomb-crackers-worry-bengaluru-private-school-teachers-1867289.html", 
    "http://www.newindianexpress.com/cities/chennai/2018/aug/24/private-school-comes-up-in-high-risk-flood-zone-raises-concern-1861967.html", 
    "http://www.newindianexpress.com/cities/chennai/2018/aug/24/private-school-in-chennai-comes-up-along-high-risk-flood-zone-raises-concern-1861967.html", 
    "http://www.newindianexpress.com/cities/delhi/2018/jul/15/bjp-leader-shatrughan-sinha-praises-arvind-kejriwal-for-taking-action-against-delhis-private-school-1843719.html", 
    "http://www.newindianexpress.com/cities/delhi/2018/nov/23/delhi-government-school-pupils-eat-more-nutritious-food-than-private-school-kids-1901968.html", 
    "http://www.newindianexpress.com/cities/hyderabad/2018/aug/03/acid-attack-on-private-school-teacher-shifted-to-sd-hospital-1852481.html", 
    "http://www.newindianexpress.com/cities/mumbai/2018/sep/01/mumbai-class-6-student-molested-at-private-school-1866054.html", 
    "http://www.newindianexpress.com/nation/2018/aug/03/principal-of-private-school-in-uttar-pradesh-murdered-after-family-couldnt-arrange-ransom-money-1852674.html", 
    "http://www.newindianexpress.com/nation/2018/aug/03/principal-of-private-school-in-uttar-pradeshs-saharanpur-murdered-after-family-members-refused-to-p-1852674.html", 
    "http://www.newindianexpress.com/specials/2018/sep/23/no-guideline-to-maintain-private-school-fee-structure-1875899.html", 
    "http://www.newindianexpress.com/states/andhra-pradesh/2018/dec/27/andhra-private-school-teacher-arrested-for-making-students-strip-as-punishment-for-coming-late-1917287.html", 
    "http://www.newindianexpress.com/states/andhra-pradesh/2018/nov/16/26000-private-school-students-join-government-schools-in-ease-godavari-district-1898877.html", 
    "http://www.newindianexpress.com/states/karnataka/2018/jul/07/karnataka-private-head-master-of-a-private-school-arrested-for-sexually-assaulting-minor-girl-1839802.html", 
    "http://www.newindianexpress.com/states/karnataka/2018/jun/24/government-school-gives-private-institutions-a-run-for-money-1832859.html", 
    "http://www.newindianexpress.com/states/karnataka/2018/sep/30/minister-n-mahes-calls-private-school-teachers-nuns-kids-parrots-1879091.html", 
    "http://www.newindianexpress.com/states/karnataka/2018/sep/30/minister-n-mahesh-calls-private-school-teachers-nuns-kids-parrots-1879091.html", 
    "http://www.newindianexpress.com/states/kerala/2018/oct/06/irate-private-school-managers-gang-up-against-cbse-regional-officer-1881644.html", 
    "http://www.newindianexpress.com/states/kerala/2018/sep/23/no-guideline-to-maintain-private-school-fee-structure-1875899.html", 
    "http://www.newindianexpress.com/states/tamil-nadu/2018/jul/27/private-school-teacher-dies-of-birth-complications-in-tamil-nadus-tirupur-after-trying-to-deliver-b-1849330.html", 
    "http://www.newindianexpress.com/states/tamil-nadu/2018/sep/17/private-schools-may-neglect-class-11-syllabus-again-school-education-minister-ka-sengottaiyan-1872945.html", 
    "http://www.newindianexpress.com/states/telangana/2018/jun/25/telangana-toddler-run-over-by-private-school-van-in-rangareddy-district-1833426.html", 
    "http://www.newindianexpress.com/world/2018/oct/25/private-school-in-hawaii-pays-usd-65-million-to-sex-abuse-victims-1890011.html", 
