structure(list(ID = structure(c(8L, 7L, 6L, 5L, 4L, 3L, 2L, 1L, 
94L, 93L, 92L, 91L, 90L, 89L, 88L, 87L, 86L, 85L, 84L, 83L, 82L, 
81L, 80L, 79L, 78L, 77L, 76L, 75L, 74L, 73L, 72L, 71L, 70L, 69L, 
68L, 67L, 66L, 65L, 64L, 63L, 62L, 61L, 60L, 59L, 58L, 57L, 56L, 
55L, 54L, 53L, 52L, 51L, 50L, 49L, 48L, 47L, 46L, 45L, 44L, 43L, 
42L, 41L, 40L, 39L, 38L, 37L, 36L, 35L, 34L, 33L, 32L, 31L, 30L, 
29L, 28L, 27L, 26L, 25L, 24L, 23L, 22L, 21L, 20L, 19L, 18L, 17L, 
16L, 15L, 14L, 13L, 12L, 11L, 10L, 9L), .Label = c("1003632028", 
"1008532200", "1014657134", "1015348766", "1015402112", "1016298490", 
"1019873184", "1021802815", "786773651", "787861073", "788965396", 
"789295813", "789583866", "789843190", "791573297", "799743929", 
"807557837", "809861176", "809876491", "809952576", "809996240", 
"810226537", "810273754", "811215032", "824021413", "824199501", 
"824397373", "825277656", "825306138", "825322708", "825537435", 
"825673162", "827843935", "834155773", "835682109", "839535559", 
"842514979", "843092720", "844799958", "844970725", "845540523", 
"845974798", "851421577", "868220191", "871808936", "878584213", 
"883552188", "883563359", "883623225", "883652157", "885468959", 
"885495135", "888650314", "888709081", "888777238", "888780887", 
"894376630", "902643607", "908573810", "910715985", "912570492", 
"912912680", "913611645", "913695782", "915904043", "923140396", 
"930865400", "946141094", "948171856", "956758655", "956791027", 
"956801400", "956831518", "956899732", "957170385", "958943714", 
"960208580", "964013736", "964028776", "965156538", "965939964", 
"967005102", "968785776", "970458722", "974312150", "974326392", 
"974337181", "974432184", "974645205", "975417498", "979421927", 
"982553101", "984426279", "992148068"), class = "factor"), url = structure(c(62L, 
84L, 52L, 80L, 49L, 22L, 2L, 94L, 43L, 51L, 64L, 93L, 67L, 30L, 
8L, 86L, 38L, 74L, 29L, 77L, 42L, 41L, 85L, 23L, 31L, 40L, 47L, 
45L, 44L, 9L, 15L, 78L, 75L, 79L, 13L, 60L, 50L, 92L, 91L, 66L, 
90L, 76L, 69L, 1L, 88L, 28L, 32L, 33L, 12L, 39L, 61L, 27L, 34L, 
36L, 73L, 71L, 56L, 53L, 17L, 14L, 25L, 19L, 48L, 6L, 81L, 82L, 
4L, 59L, 63L, 57L, 18L, 10L, 5L, 87L, 24L, 20L, 68L, 55L, 54L, 
21L, 11L, 35L, 37L, 72L, 3L, 89L, 46L, 83L, 58L, 70L, 65L, 7L, 
26L, 16L), .Label = c("http://bengaluru.citizenmatters.in/pre-primary-section-in-govt-schools-here-is-a-model-school-in-bengaluru-to-follow-26301", 
"http://businessworld.in/article/Language-Matters-In-Science-And-Maths-In-Primary-Schools/02-12-2018-164719", 
"http://businessworld.in/article/Worldview-Education-Believes-Schools-can-be-Primary-Engines-of/09-02-2018-140223", 
"http://indianexpress.com/article/cities/ahmedabad/govt-primary-schools-to-be-evaluated-on-april-6-7-says-gujarat-education-minister-5113766/", 
"http://indianexpress.com/article/cities/delhi/dont-deploy-male-guards-or-sanitation-workers-in-primary-wings-delhi-govt-to-schools-5087053/", 
"http://indianexpress.com/article/india/medium-of-instruction-primary-schools-in-punjab-free-to-choose-between-english-and-punjabi-5125459/", 
"http://indiatoday.intoday.in/story/hippocampus-learning-centres-umesh-malhotra/1/1123974.html", 
"http://risingkashmir.com/news/dsek-orders-upgradation-of-59-primary-schools", 
"http://risingkashmir.com/news/panchayats-to-control-phcs-primary-schools-anganwadi-centres-in-jk-rajnath-", 
"http://www.asianage.com/metros/delhi/060318/dont-deploy-male-guards-in-schools-primary-wing-aap-government.html", 
"http://www.asianage.com/metros/mumbai/100218/bmc-primary-schools-to-have-class-5-divisions.html", 
"http://www.assamtribune.com/scripts/detailsnew.asp?id=jun1718%2Foth058", 
"http://www.assamtribune.com/scripts/detailsnew.asp?id=sep1418%2Fcity056", 
"http://www.centralchronicle.com/27-thousand-910-new-primary-schools-opened-under-sarva-shiksha-abhiyan.html", 
"http://www.dailyexcelsior.com/primary-health-centres-primary-schools-anganwadi-centres-jk-panchayats/", 
"http://www.dnaindia.com/ahmedabad/report-250-primary-schools-in-gujarat-to-get-digital-classrooms-2572196", 
"http://www.dnaindia.com/ahmedabad/report-heat-wave-primary-schools-may-shift-to-mornings-hours-in-gujarat-2615150", 
"http://www.dnaindia.com/delhi/report-don-t-deploy-male-guards-or-sanitation-workers-in-primary-wings-delhi-government-to-schools-2591026", 
"http://www.dnaindia.com/mumbai/report-bmc-s-primary-schools-need-781-teachers-2601781", 
"http://www.financialexpress.com/india-news/we-are-focused-on-iits-primary-schools-not-on-institutions-between-them-pratham-co-founder-and-ceo-madhav-chavan/1086647/", 
"http://www.freepressjournal.in/mumbai/mumbai-primary-secondary-sections-to-be-extended-to-reduce-dropout-rate-in-bmc-schools/1218718", 
"http://www.goacom.com/lobo-standard-of-govt-primary-schools-needs-improvement/", 
"http://www.jantakareporter.com/india/gayatri-mantra-order-for-delhi-primary-schools-irks-minority-commission/211885/", 
"http://www.newindianexpress.com/cities/delhi/2018/mar/05/dont-deploy-male-guards-or-sanitation-workers-in-primary-wings-delhi-government-to-schools-1782413.html", 
"http://www.newindianexpress.com/cities/kochi/2018/apr/08/pre-primary-teachers-in-aided-schools-on-the-warpath-1798537.html", 
"http://www.newindianexpress.com/nation/2018/jan/04/fail-a-subject-in-class-x-but-you-can-teach-the-same-in-government-primary-schools-in-punjab-1744101.html", 
"http://www.newindianexpress.com/states/karnataka/2018/jun/12/pre-primary-classes-to-be-set-up-in-101-schools-in-karnataka-1826986.html", 
"http://www.newindianexpress.com/states/karnataka/2018/jun/26/178-primary-schools-in-kalaburagi-region-were-of-zero-enrollment-in-2017-18-1833988.html", 
"http://www.newindianexpress.com/states/kerala/2018/oct/16/now-its-the-turn-of-kerala-primary-schools-to-go-hi-tech-1886083.html", 
"http://www.newindianexpress.com/states/kerala/2018/oct/21/government-plans-new-child-friendly-curriculum-for-pre-primary-schools-1887924.html", 
"http://www.newindianexpress.com/states/odisha/2018/oct/08/nine-primary-schools-in-bhubaneswar-closed-due-to-poor-strength-of-students-1882592.html", 
"http://www.newindianexpress.com/thesundaystandard/2018/jun/16/pre-primary-classes-in-government-schools-centre-asks-other-states-to-follow-suit-1829157.html", 
"http://www.newindianexpress.com/thesundaystandard/2018/jun/16/pre-primary-classes-in-govt-schools-centre-asks-other-states-to-follow-suit-1829157.html", 
"http://www.sify.com/finance/eastman-auto-and-power-ltd-to-solarise-100-government-primary-schools-in-2018-19-news-news-sgisUtgagdcic.html", 
"http://www.sify.com/finance/fullstory.php?a=scjtLkcafbibi&title=Worldview_Education_believes_schools_can_be_primary_engines_of_sustainable_urbanisation", 
"http://www.sify.com/finance/fullstory.php?a=sgisUtgagdcic&title=Eastman_Auto_and_Power_Ltd._to_solarise_100_government_primary_schools_in_2018-19", 
"http://www.sify.com/finance/worldview-education-believes-schools-can-be-primary-engines-of-sustainable-urbanisation-news-news-scjtLkcafbibi.html", 
"http://www.sify.com/news/delhi-government-to-open-100-primary-level-libraries-in-its-schools-news-others-skutUNjdgdjae.html", 
"http://www.thehindu.com/news/national/andhra-pradesh/weekly-test-for-primary-kids-in-civic-schools-this-year/article24183072.ece", 
"https://article.wn.com/view/2018/10/03/Calls_for_free_sanitary_products_bins_in_primary_schools_aft/", 
"https://article.wn.com/view/2018/10/10/The_Member_of_Parliament_MP_for_Akan_Constituency_has_in_par/", 
"https://article.wn.com/view/2018/10/11/Severe_obesity_four_times_more_likely_in_poor_primary_school/", 
"https://indianexpress.com/article/education/punjab-on-childrens-day-baal-melas-await-pre-primary-students-in-govt-schools-5441896/", 
"https://kashmirobserver.net/2018/local-news/phcsprimary-schoolsanganwadi-centres-jk-work-under-panchayatsrajnath-36438", 
"https://kashmirobserver.net/2018/local-news/phcsprimary-schoolsanganwadi-centres-work-under-panchayats-36438", 
