structure(list(ID = structure(c(28L, 27L, 26L, 25L, 24L, 23L, 
22L, 21L, 20L, 19L, 18L, 17L, 16L, 15L, 14L, 13L, 12L, 11L, 10L, 
29L, 9L, 8L, 7L, 6L, 5L, 4L, 3L, 2L, 1L, 100L, 99L, 98L, 97L, 
96L, 95L, 94L, 93L, 92L, 91L, 90L, 89L, 88L, 87L, 86L, 85L, 84L, 
83L, 82L, 81L, 80L, 79L, 78L, 77L, 76L, 75L, 74L, 73L, 72L, 71L, 
70L, 69L, 68L, 67L, 66L, 65L, 64L, 63L, 62L, 61L, 60L, 59L, 58L, 
57L, 56L, 55L, 54L, 53L, 52L, 51L, 50L, 49L, 48L, 47L, 46L, 45L, 
44L, 43L, 42L, 41L, 40L, 39L, 38L, 37L, 36L, 35L, 34L, 33L, 32L, 
31L, 30L, 28L, 27L, 26L, 25L, 24L, 23L, 22L, 21L, 20L, 19L, 18L, 
17L, 16L, 15L, 14L, 13L, 12L, 11L, 10L, 29L, 9L, 8L, 7L, 6L, 
5L, 4L, 3L, 2L, 1L, 100L, 99L, 98L, 97L, 96L, 95L, 94L, 93L, 
92L, 91L, 90L, 89L, 88L, 87L, 86L, 85L, 84L, 83L, 82L, 81L, 80L, 
79L, 78L, 77L, 76L, 75L, 74L, 73L, 72L, 71L, 70L, 69L, 68L, 67L, 
66L, 65L, 64L, 63L, 62L, 61L, 60L, 59L, 58L, 57L, 56L, 55L, 54L, 
53L, 52L, 51L, 50L, 49L, 48L, 47L, 46L, 45L, 44L, 43L, 42L, 41L, 
40L, 39L, 38L, 37L, 36L, 35L, 34L, 33L, 32L, 31L, 30L, 28L, 27L, 
26L, 25L, 24L, 23L, 22L, 21L, 20L, 19L, 18L, 17L, 16L, 15L, 14L, 
13L, 12L, 11L, 10L, 29L, 9L, 8L, 7L, 6L, 5L, 4L, 3L, 2L, 1L, 
100L, 99L, 98L, 97L, 96L, 95L, 94L, 93L, 92L, 91L, 90L, 89L, 
88L, 87L, 86L, 85L, 84L, 83L, 82L, 81L, 80L, 79L, 78L, 77L, 76L, 
75L, 74L, 73L, 72L, 71L, 70L, 69L, 68L, 67L, 66L, 65L, 64L, 63L, 
62L, 61L, 60L, 59L, 58L, 57L, 56L, 55L, 54L, 53L, 52L, 51L, 50L, 
49L, 48L, 47L, 46L, 45L, 44L, 43L, 42L, 41L, 40L, 39L, 38L, 37L, 
36L, 35L, 34L, 33L, 32L, 31L, 30L, 28L, 27L, 26L, 25L, 24L, 23L, 
22L, 21L, 20L, 19L, 18L, 17L, 16L, 15L, 14L, 13L, 12L, 11L, 10L, 
29L, 9L, 8L, 7L, 6L, 5L, 4L, 3L, 2L, 1L, 100L, 99L, 98L, 97L, 
96L, 95L, 94L, 93L, 92L, 91L, 90L, 89L, 88L, 87L, 86L, 85L, 84L, 
83L, 82L, 81L, 80L, 79L, 78L, 77L, 76L, 75L, 74L, 73L, 72L, 71L, 
70L, 69L, 68L, 67L, 66L, 65L, 64L, 63L, 62L, 61L, 60L, 59L, 58L, 
57L, 56L, 55L, 54L, 53L, 52L, 51L, 50L, 49L, 48L, 47L, 46L, 45L, 
44L, 43L, 42L, 41L, 40L, 39L, 38L, 37L, 36L, 35L, 34L, 33L, 32L, 
31L, 30L, 28L, 27L, 26L, 25L, 24L, 23L, 22L, 21L, 20L, 19L, 18L, 
17L, 16L, 15L, 14L, 13L, 12L, 11L, 10L, 29L, 9L, 8L, 7L, 6L, 
5L, 4L, 3L, 2L, 1L, 100L, 99L, 98L, 97L, 96L, 95L, 94L, 93L, 
92L, 91L, 90L, 89L, 88L, 87L, 86L, 85L, 84L, 83L, 82L, 81L, 80L, 
79L, 78L, 77L, 76L, 75L, 74L, 73L, 72L, 71L, 70L, 69L, 68L, 67L, 
66L, 65L, 64L, 63L, 62L, 61L, 60L, 59L, 58L, 57L, 56L, 55L, 54L, 
53L, 52L, 51L, 50L, 49L, 48L, 47L, 46L, 45L, 44L, 43L, 42L, 41L, 
40L, 39L, 38L, 37L, 36L, 35L, 34L, 33L, 32L, 31L, 30L), .Label = c("1009832113", 
"1016763935", "1019717566", "1020406339", "1020421439", "1020465249", 
"1020471614", "1020578187", "1020587178", "1021142972", "1021147875", 
"1021151507", "1021186981", "1021203833", "1021209273", "1021243544", 
"1021630194", "1021665019", "1021690251", "1021768166", "1021846168", 
"1021904630", "1022916876", "1023506972", "1024725975", "1027764955", 
"1028651764", "1028819282", "2018-12-1021036540", "954349303", 
"954586882", "955003785", "956418543", "956589172", "956648825", 
"956819445", "957328872", "957333271", "957347521", "957347777", 
"957478190", "957802010", "962780685", "966332582", "969243574", 
"969256305", "969257941", "969265676", "969267160", "969273085", 
"969398058", "969536322", "969555213", "969562361", "969563052", 
"969571897", "969579571", "969584894", "969593658", "969595279", 
"969595555", "969596870", "969599601", "969608678", "969612615", 
"969629739", "969632189", "969647138", "969695868", "969712302", 
"969714532", "969719706", "969747735", "969853384", "969917257", 
"970219142", "970425472", "972509765", "973271869", "974709827", 
"977447976", "977891516", "977965754", "979830702", "980556095", 
"981102453", "982154045", "982205117", "982218799", "982289926", 
"982369819", "982867103", "987136688", "987320127", "987525648", 
"987556893", "987962548", "988670878", "993830195", "998269385"
), class = "factor"), url = structure(c(12L, 34L, 24L, 33L, 60L, 
1L, 70L, 30L, 59L, 25L, 38L, 96L, 39L, 93L, 51L, 98L, 61L, 88L, 
68L, 32L, 54L, 69L, 29L, 55L, 82L, 89L, 72L, 26L, 36L, 50L, 62L, 
64L, 13L, 65L, 47L, 66L, 2L, 8L, 19L, 73L, 43L, 90L, 53L, 31L, 
79L, 77L, 40L, 15L, 48L, 37L, 28L, 95L, 63L, 9L, 3L, 97L, 5L, 
94L, 85L, 41L, 84L, 81L, 4L, 86L, 75L, 100L, 91L, 99L, 20L, 14L, 
21L, 74L, 92L, 67L, 6L, 57L, 23L, 78L, 58L, 11L, 27L, 52L, 56L, 
87L, 7L, 42L, 35L, 18L, 44L, 46L, 22L, 80L, 45L, 76L, 16L, 10L, 
17L, 83L, 49L, 71L, 12L, 34L, 24L, 33L, 60L, 1L, 70L, 30L, 59L, 
25L, 38L, 96L, 39L, 93L, 51L, 98L, 61L, 88L, 68L, 32L, 54L, 69L, 
29L, 55L, 82L, 89L, 72L, 26L, 36L, 50L, 62L, 64L, 13L, 65L, 47L, 
66L, 2L, 8L, 19L, 73L, 43L, 90L, 53L, 31L, 79L, 77L, 40L, 15L, 
48L, 37L, 28L, 95L, 63L, 9L, 3L, 97L, 5L, 94L, 85L, 41L, 84L, 
81L, 4L, 86L, 75L, 100L, 91L, 99L, 20L, 14L, 21L, 74L, 92L, 67L, 
6L, 57L, 23L, 78L, 58L, 11L, 27L, 52L, 56L, 87L, 7L, 42L, 35L, 
18L, 44L, 46L, 22L, 80L, 45L, 76L, 16L, 10L, 17L, 83L, 49L, 71L, 
12L, 34L, 24L, 33L, 60L, 1L, 70L, 30L, 59L, 25L, 38L, 96L, 39L, 
93L, 51L, 98L, 61L, 88L, 68L, 32L, 54L, 69L, 29L, 55L, 82L, 89L, 
72L, 26L, 36L, 50L, 62L, 64L, 13L, 65L, 47L, 66L, 2L, 8L, 19L, 
73L, 43L, 90L, 53L, 31L, 79L, 77L, 40L, 15L, 48L, 37L, 28L, 95L, 
63L, 9L, 3L, 97L, 5L, 94L, 85L, 41L, 84L, 81L, 4L, 86L, 75L, 
100L, 91L, 99L, 20L, 14L, 21L, 74L, 92L, 67L, 6L, 57L, 23L, 78L, 
58L, 11L, 27L, 52L, 56L, 87L, 7L, 42L, 35L, 18L, 44L, 46L, 22L, 
80L, 45L, 76L, 16L, 10L, 17L, 83L, 49L, 71L, 12L, 34L, 24L, 33L, 
60L, 1L, 70L, 30L, 59L, 25L, 38L, 96L, 39L, 93L, 51L, 98L, 61L, 
88L, 68L, 32L, 54L, 69L, 29L, 55L, 82L, 89L, 72L, 26L, 36L, 50L, 
62L, 64L, 13L, 65L, 47L, 66L, 2L, 8L, 19L, 73L, 43L, 90L, 53L, 
31L, 79L, 77L, 40L, 15L, 48L, 37L, 28L, 95L, 63L, 9L, 3L, 97L, 
5L, 94L, 85L, 41L, 84L, 81L, 4L, 86L, 75L, 100L, 91L, 99L, 20L, 
14L, 21L, 74L, 92L, 67L, 6L, 57L, 23L, 78L, 58L, 11L, 27L, 52L, 
56L, 87L, 7L, 42L, 35L, 18L, 44L, 46L, 22L, 80L, 45L, 76L, 16L, 
10L, 17L, 83L, 49L, 71L, 12L, 34L, 24L, 33L, 60L, 1L, 70L, 30L, 
59L, 25L, 38L, 96L, 39L, 93L, 51L, 98L, 61L, 88L, 68L, 32L, 54L, 
69L, 29L, 55L, 82L, 89L, 72L, 26L, 36L, 50L, 62L, 64L, 13L, 65L, 
47L, 66L, 2L, 8L, 19L, 73L, 43L, 90L, 53L, 31L, 79L, 77L, 40L, 
15L, 48L, 37L, 28L, 95L, 63L, 9L, 3L, 97L, 5L, 94L, 85L, 41L, 
84L, 81L, 4L, 86L, 75L, 100L, 91L, 99L, 20L, 14L, 21L, 74L, 92L, 
67L, 6L, 57L, 23L, 78L, 58L, 11L, 27L, 52L, 56L, 87L, 7L, 42L, 
35L, 18L, 44L, 46L, 22L, 80L, 45L, 76L, 16L, 10L, 17L, 83L, 49L, 
71L),