structure(list(ID = structure(c(35L, 34L, 33L, 32L, 31L, 30L, 
29L, 28L, 27L, 26L, 25L, 24L, 23L, 22L, 21L, 20L, 19L, 18L, 17L, 
16L, 15L, 14L, 13L, 12L, 11L, 10L, 9L, 8L, 7L, 6L, 5L, 4L, 3L, 
2L, 1L, 100L, 99L, 98L, 97L, 96L, 95L, 94L, 93L, 92L, 91L, 90L, 
89L, 88L, 87L, 86L, 85L, 84L, 83L, 82L, 81L, 80L, 79L, 78L, 77L, 
76L, 75L, 74L, 73L, 72L, 71L, 70L, 69L, 68L, 67L, 66L, 65L, 64L, 
63L, 62L, 61L, 60L, 59L, 58L, 57L, 56L, 55L, 54L, 53L, 52L, 51L, 
50L, 49L, 48L, 47L, 46L, 45L, 44L, 43L, 42L, 41L, 40L, 39L, 38L, 
37L, 36L, 35L, 34L, 33L, 32L, 31L, 30L, 29L, 28L, 27L, 26L, 25L, 
24L, 23L, 22L, 21L, 20L, 19L, 18L, 17L, 16L, 15L, 14L, 13L, 12L, 
11L, 10L, 9L, 8L, 7L, 6L, 5L, 4L, 3L, 2L, 1L, 100L, 99L, 98L, 
97L, 96L, 95L, 94L, 93L, 92L, 91L, 90L, 89L, 88L, 87L, 86L, 85L, 
84L, 83L, 82L, 81L, 80L, 79L, 78L, 77L, 76L, 75L, 74L, 73L, 72L, 
71L, 70L, 69L, 68L, 67L, 66L, 65L, 64L, 63L, 62L, 61L, 60L, 59L, 
58L, 57L, 56L, 55L, 54L, 53L, 52L, 51L, 50L, 49L, 48L, 47L, 46L, 
45L, 44L, 43L, 42L, 41L, 40L, 39L, 38L, 37L, 36L, 35L, 34L, 33L, 
32L, 31L, 30L, 29L, 28L, 27L, 26L, 25L, 24L, 23L, 22L, 21L, 20L, 
19L, 18L, 17L, 16L, 15L, 14L, 13L, 12L, 11L, 10L, 9L, 8L, 7L, 
6L, 5L, 4L, 3L, 2L, 1L, 100L, 99L, 98L, 97L, 96L, 95L, 94L, 93L, 
92L, 91L, 90L, 89L, 88L, 87L, 86L, 85L, 84L, 83L, 82L, 81L, 80L, 
79L, 78L, 77L, 76L, 75L, 74L, 73L, 72L, 71L, 70L, 69L, 68L, 67L, 
66L, 65L, 64L, 63L, 62L, 61L, 60L, 59L, 58L, 57L, 56L, 55L, 54L, 
53L, 52L, 51L, 50L, 49L, 48L, 47L, 46L, 45L, 44L, 43L, 42L, 41L, 
40L, 39L, 38L, 37L, 36L, 35L, 34L, 33L, 32L, 31L, 30L, 29L, 28L, 
27L, 26L, 25L, 24L, 23L, 22L, 21L, 20L, 19L, 18L, 17L, 16L, 15L, 
14L, 13L, 12L, 11L, 10L, 9L, 8L, 7L, 6L, 5L, 4L, 3L, 2L, 1L, 
100L, 99L, 98L, 97L, 96L, 95L, 94L, 93L, 92L, 91L, 90L, 89L, 
88L, 87L, 86L, 85L, 84L, 83L, 82L, 81L, 80L, 79L, 78L, 77L, 76L, 
75L, 74L, 73L, 72L, 71L, 70L, 69L, 68L, 67L, 66L, 65L, 64L, 63L, 
62L, 61L, 60L, 59L, 58L, 57L, 56L, 55L, 54L, 53L, 52L, 51L, 50L, 
49L, 48L, 47L, 46L, 45L, 44L, 43L, 42L, 41L, 40L, 39L, 38L, 37L, 
36L), .Label = c("1000294990", "1000441112", "1002033702", "1003669589", 
"1005019194", "1005024816", "1005170645", "1007741166", "1009845294", 
"1009867245", "1011351076", "1011354175", "1011866771", "1012859647", 
"1013318530", "1013921886", "1014653256", "1014662733", "1015173143", 
"1015347962", "1018937155", "1019472918", "1019494672", "1019498264", 
"1019513652", "1019520771", "1019544915", "1019559363", "1019671323", 
"1020784863", "1021807439", "1024209488", "1026020420", "1026756297", 
"1027198435", "937827348", "938608707", "938608846", "939346150", 
"944064086", "945198628", "945218021", "945251631", "945493078", 
"945523308", "947084759", "947941047", "948108597", "948343574", 
"952720577", "953294333", "954040872", "955615541", "955737819", 
"956081255", "957164533", "957775700", "959162241", "960409369", 
"961900760", "962208205", "964844584", "964943943", "964988074", 
"964995269", "965003472", "965024096", "965034103", "965063386", 
"965064952", "965075248", "965135460", "965692857", "965770611", 
"965777228", "966637592", "967524897", "969224174", "969532812", 
"969536105", "969556587", "971338734", "971386688", "972533942", 
"972930121", "972996501", "976569270", "977913789", "984233613", 
"984791467", "985700964", "986670404", "993823665", "994189633", 
"994490896", "997591502", "997596141", "998494003", "999717581", 
"999769726"), class = "factor"), url = structure(c(86L, 33L, 
67L, 81L, 85L, 31L, 94L, 39L, 50L, 68L, 14L, 55L, 21L, 53L, 13L, 
62L, 96L, 36L, 49L, 66L, 10L, 57L, 56L, 83L, 60L, 47L, 74L, 40L, 
52L, 24L, 65L, 100L, 19L, 54L, 5L, 98L, 97L, 11L, 82L, 59L, 51L, 
99L, 48L, 78L, 76L, 26L, 41L, 17L, 18L, 38L, 92L, 73L, 12L, 87L, 
22L, 37L, 44L, 90L, 93L, 15L, 9L, 28L, 46L, 7L, 79L, 91L, 80L, 
6L, 70L, 61L, 75L, 3L, 84L, 42L, 77L, 23L, 4L, 29L, 32L, 95L, 
35L, 45L, 16L, 27L, 20L, 30L, 25L, 2L, 34L, 43L, 69L, 88L, 63L, 
71L, 58L, 64L, 72L, 1L, 89L, 8L, 86L, 33L, 67L, 81L, 85L, 31L, 
94L, 39L, 50L, 68L, 14L, 55L, 21L, 53L, 13L, 62L, 96L, 36L, 49L, 
66L, 10L, 57L, 56L, 83L, 60L, 47L, 74L, 40L, 52L, 24L, 65L, 100L, 
19L, 54L, 5L, 98L, 97L, 11L, 82L, 59L, 51L, 99L, 48L, 78L, 76L, 
26L, 41L, 17L, 18L, 38L, 92L, 73L, 12L, 87L, 22L, 37L, 44L, 90L, 
93L, 15L, 9L, 28L, 46L, 7L, 79L, 91L, 80L, 6L, 70L, 61L, 75L, 
3L, 84L, 42L, 77L, 23L, 4L, 29L, 32L, 95L, 35L, 45L, 16L, 27L, 
20L, 30L, 25L, 2L, 34L, 43L, 69L, 88L, 63L, 71L, 58L, 64L, 72L, 
1L, 89L, 8L, 86L, 33L, 67L, 81L, 85L, 31L, 94L, 39L, 50L, 68L, 
14L, 55L, 21L, 53L, 13L, 62L, 96L, 36L, 49L, 66L, 10L, 57L, 56L, 
83L, 60L, 47L, 74L, 40L, 52L, 24L, 65L, 100L, 19L, 54L, 5L, 98L, 
97L, 11L, 82L, 59L, 51L, 99L, 48L, 78L, 76L, 26L, 41L, 17L, 18L, 
38L, 92L, 73L, 12L, 87L, 22L, 37L, 44L, 90L, 93L, 15L, 9L, 28L, 
46L, 7L, 79L, 91L, 80L, 6L, 70L, 61L, 75L, 3L, 84L, 42L, 77L, 
23L, 4L, 29L, 32L, 95L, 35L, 45L, 16L, 27L, 20L, 30L, 25L, 2L, 
34L, 43L, 69L, 88L, 63L, 71L, 58L, 64L, 72L, 1L, 89L, 8L, 86L, 
33L, 67L, 81L, 85L, 31L, 94L, 39L, 50L, 68L, 14L, 55L, 21L, 53L, 
13L, 62L, 96L, 36L, 49L, 66L, 10L, 57L, 56L, 83L, 60L, 47L, 74L, 
40L, 52L, 24L, 65L, 100L, 19L, 54L, 5L, 98L, 97L, 11L, 82L, 59L, 
51L, 99L, 48L, 78L, 76L, 26L, 41L, 17L, 18L, 38L, 92L, 73L, 12L, 
87L, 22L, 37L, 44L, 90L, 93L, 15L, 9L, 28L, 46L, 7L, 79L, 91L, 
80L, 6L, 70L, 61L, 75L, 3L, 84L, 42L, 77L, 23L, 4L, 29L, 32L, 
95L, 35L, 45L, 16L, 27L, 20L, 30L, 25L, 2L, 34L, 43L, 69L, 88L, 
63L, 71L, 58L, 64L, 72L, 1L, 89L, 8L),