structure(list(ID = structure(c(24L, 23L, 22L, 21L, 20L, 19L, 
18L, 17L, 16L, 15L, 14L, 13L, 12L, 11L, 10L, 9L, 8L, 7L, 6L, 
5L, 4L, 3L, 2L, 1L, 100L, 99L, 98L, 97L, 96L, 95L, 94L, 93L, 
92L, 91L, 90L, 89L, 88L, 87L, 86L, 85L, 84L, 83L, 82L, 81L, 80L, 
79L, 78L, 77L, 76L, 75L, 74L, 73L, 72L, 71L, 70L, 69L, 68L, 67L, 
66L, 65L, 64L, 63L, 62L, 61L, 60L, 59L, 58L, 57L, 56L, 55L, 54L, 
53L, 52L, 51L, 50L, 49L, 48L, 47L, 46L, 45L, 44L, 43L, 42L, 41L, 
40L, 39L, 38L, 37L, 36L, 35L, 34L, 33L, 32L, 31L, 30L, 29L, 28L, 
27L, 26L, 25L, 24L, 23L, 22L, 21L, 20L, 19L, 18L, 17L, 16L, 15L, 
14L, 13L, 12L, 11L, 10L, 9L, 8L, 7L, 6L, 5L, 4L, 3L, 2L, 1L, 
100L, 99L, 98L, 97L, 96L, 95L, 94L, 93L, 92L, 91L, 90L, 89L, 
88L, 87L, 86L, 85L, 84L, 83L, 82L, 81L, 80L, 79L, 78L, 77L, 76L, 
75L, 74L, 73L, 72L, 71L, 70L, 69L, 68L, 67L, 66L, 65L, 64L, 63L, 
62L, 61L, 60L, 59L, 58L, 57L, 56L, 55L, 54L, 53L, 52L, 51L, 50L, 
49L, 48L, 47L, 46L, 45L, 44L, 43L, 42L, 41L, 40L, 39L, 38L, 37L, 
36L, 35L, 34L, 33L, 32L, 31L, 30L, 29L, 28L, 27L, 26L, 25L, 24L, 
23L, 22L, 21L, 20L, 19L, 18L, 17L, 16L, 15L, 14L, 13L, 12L, 11L, 
10L, 9L, 8L, 7L, 6L, 5L, 4L, 3L, 2L, 1L, 100L, 99L, 98L, 97L, 
96L, 95L, 94L, 93L, 92L, 91L, 90L, 89L, 88L, 87L, 86L, 85L, 84L, 
83L, 82L, 81L, 80L, 79L, 78L, 77L, 76L, 75L, 74L, 73L, 72L, 71L, 
70L, 69L, 68L, 67L, 66L, 65L, 64L, 63L, 62L, 61L, 60L, 59L, 58L, 
57L, 56L, 55L, 54L, 53L, 52L, 51L, 50L, 49L, 48L, 47L, 46L, 45L, 
44L, 43L, 42L, 41L, 40L, 39L, 38L, 37L, 36L, 35L, 34L, 33L, 32L, 
31L, 30L, 29L, 28L, 27L, 26L, 25L, 24L, 23L, 22L, 21L, 20L, 19L, 
18L, 17L, 16L, 15L, 14L, 13L, 12L, 11L, 10L, 9L, 8L, 7L, 6L, 
5L, 4L, 3L, 2L, 1L, 100L, 99L, 98L, 97L, 96L, 95L, 94L, 93L, 
92L, 91L, 90L, 89L, 88L, 87L, 86L, 85L, 84L, 83L, 82L, 81L, 80L, 
79L, 78L, 77L, 76L, 75L, 74L, 73L, 72L, 71L, 70L, 69L, 68L, 67L, 
66L, 65L, 64L, 63L, 62L, 61L, 60L, 59L, 58L, 57L, 56L, 55L, 54L, 
53L, 52L, 51L, 50L, 49L, 48L, 47L, 46L, 45L, 44L, 43L, 42L, 41L, 
40L, 39L, 38L, 37L, 36L, 35L, 34L, 33L, 32L, 31L, 30L, 29L, 28L, 
27L, 26L, 25L, 24L, 23L, 22L, 21L, 20L, 19L, 18L, 17L, 16L, 15L, 
14L, 13L, 12L, 11L, 10L, 9L, 8L, 7L, 6L, 5L, 4L, 3L, 2L, 1L, 
100L, 99L, 98L, 97L, 96L, 95L, 94L, 93L, 92L, 91L, 90L, 89L, 
88L, 87L, 86L, 85L, 84L, 83L, 82L, 81L, 80L, 79L, 78L, 77L, 76L, 
75L, 74L, 73L, 72L, 71L, 70L, 69L, 68L, 67L, 66L, 65L, 64L, 63L, 
62L, 61L, 60L, 59L, 58L, 57L, 56L, 55L, 54L, 53L, 52L, 51L, 50L, 
49L, 48L, 47L, 46L, 45L, 44L, 43L, 42L, 41L, 40L, 39L, 38L, 37L, 
36L, 35L, 34L, 33L, 32L, 31L, 30L, 29L, 28L, 27L, 26L, 25L, 24L, 
23L, 22L, 21L, 20L, 19L, 18L, 17L, 16L, 15L, 14L, 13L, 12L, 11L, 
10L, 9L, 8L, 7L, 6L, 5L, 4L, 3L, 2L, 1L, 100L, 99L, 98L, 97L, 
96L, 95L, 94L, 93L, 92L, 91L, 90L, 89L, 88L, 87L, 86L, 85L, 84L, 
83L, 82L, 81L, 80L, 79L, 78L, 77L, 76L, 75L, 74L, 73L, 72L, 71L, 
70L, 69L, 68L, 67L, 66L, 65L, 64L, 63L, 62L, 61L, 60L, 59L, 58L, 
57L, 56L, 55L, 54L, 53L, 52L, 51L, 50L, 49L, 48L, 47L, 46L, 45L, 
44L, 43L, 42L, 41L, 40L, 39L, 38L, 37L, 36L, 35L, 34L, 33L, 32L, 
31L, 30L, 29L, 28L, 27L, 26L, 25L), .Label = c("1006820580", 
"1008398614", "1008403674", "1008425878", "1008438486", "1008449946", 
"1008890257", "1010214635", "1011465896", "1013609073", "1014709685", 
"1014729212", "1015347962", "1018104100", "1018463739", "1019372406", 
"1019804048", "1023655944", "1026559931", "1027334624", "1027402787", 
"1028187811", "1028651764", "1029086569", "972023550", "972496208", 
"974149297", "974312013", "974719897", "974734311", "974735012", 
"974749510", "974958963", "975453692", "975663689", "975787356", 
"975834761", "976330345", "976376303", "976985512", "977008211", 
"977877415", "978102111", "979618148", "979914150", "980096378", 
"980098832", "980103208", "980104594", "980253146", "980258422", 
"981063771", "981378173", "981493106", "981528288", "981555079", 
"981576674", "981725452", "981762958", "981821966", "981896612", 
"982031671", "982233393", "982393493", "982442070", "982610885", 
"982875380", "982961410", "982982114", "983086309", "983235919", 
"983509725", "984512459", "984688542", "985251387", "985536309", 
"985798133", "985861152", "986253051", "986952235", "987090323", 
"987320127", "987516235", "987525648", "987556893", "987962548", 
"988670878", "989690382", "989718459", "990192876", "992658683", 
"992668454", "992963006", "993450385", "993641413", "994255219", 
"994294573", "994392183", "994549390", "994593588"), class = "factor"), 
    url = structure(c(31L, 26L, 14L, 75L, 83L, 28L, 2L, 62L, 
    82L, 71L, 17L, 60L, 34L, 33L, 64L, 24L, 3L, 36L, 88L, 45L, 
    19L, 98L, 86L, 15L, 18L, 13L, 87L, 56L, 95L, 12L, 50L, 39L, 
    54L, 81L, 70L, 52L, 80L, 65L, 11L, 67L, 48L, 76L, 68L, 10L, 
    46L, 16L, 27L, 23L, 4L, 69L, 84L, 94L, 21L, 1L, 58L, 74L, 
    55L, 20L, 38L, 66L, 7L, 78L, 85L, 29L, 73L, 37L, 61L, 6L, 
    22L, 42L, 90L, 49L, 59L, 77L, 5L, 92L, 47L, 79L, 93L, 97L, 
    35L, 100L, 25L, 89L, 30L, 41L, 32L, 8L, 40L, 63L, 91L, 57L, 
    99L, 72L, 96L, 53L, 51L, 43L, 44L, 9L, 31L, 26L, 14L, 75L, 
    83L, 28L, 2L, 62L, 82L, 71L, 17L, 60L, 34L, 33L, 64L, 24L, 
    3L, 36L, 88L, 45L, 19L, 98L, 86L, 15L, 18L, 13L, 87L, 56L, 
    95L, 12L, 50L, 39L, 54L, 81L, 70L, 52L, 80L, 65L, 11L, 67L, 
    48L, 76L, 68L, 10L, 46L, 16L, 27L, 23L, 4L, 69L, 84L, 94L, 
    21L, 1L, 58L, 74L, 55L, 20L, 38L, 66L, 7L, 78L, 85L, 29L, 
    73L, 37L, 61L, 6L, 22L, 42L, 90L, 49L, 59L, 77L, 5L, 92L, 
    47L, 79L, 93L, 97L, 35L, 100L, 25L, 89L, 30L, 41L, 32L, 8L, 
    40L, 63L, 91L, 57L, 99L, 72L, 96L, 53L, 51L, 43L, 44L, 9L, 
    31L, 26L, 14L, 75L, 83L, 28L, 2L, 62L, 82L, 71L, 17L, 60L, 
    34L, 33L, 64L, 24L, 3L, 36L, 88L, 45L, 19L, 98L, 86L, 15L, 
    18L, 13L, 87L, 56L, 95L, 12L, 50L, 39L, 54L, 81L, 70L, 52L, 
    80L, 65L, 11L, 67L, 48L, 76L, 68L, 10L, 46L, 16L, 27L, 23L, 
    4L, 69L, 84L, 94L, 21L, 1L, 58L, 74L, 55L, 20L, 38L, 66L, 
    7L, 78L, 85L, 29L, 73L, 37L, 61L, 6L, 22L, 42L, 90L, 49L, 
    59L, 77L, 5L, 92L, 47L, 79L, 93L, 97L, 35L, 100L, 25L, 89L, 
    30L, 41L, 32L, 8L, 40L, 63L, 91L, 57L, 99L, 72L, 96L, 53L, 
    51L, 43L, 44L, 9L, 31L, 26L, 14L, 75L, 83L, 28L, 2L, 62L, 
    82L, 71L, 17L, 60L, 34L, 33L, 64L, 24L, 3L, 36L, 88L, 45L, 
    19L, 98L, 86L, 15L, 18L, 13L, 87L, 56L, 95L, 12L, 50L, 39L, 
    54L, 81L, 70L, 52L, 80L, 65L, 11L, 67L, 48L, 76L, 68L, 10L, 
    46L, 16L, 27L, 23L, 4L, 69L, 84L, 94L, 21L, 1L, 58L, 74L, 
    55L, 20L, 38L, 66L, 7L, 78L, 85L, 29L, 73L, 37L, 61L, 6L, 
    22L, 42L, 90L, 49L, 59L, 77L, 5L, 92L, 47L, 79L, 93L, 97L, 
    35L, 100L, 25L, 89L, 30L, 41L, 32L, 8L, 40L, 63L, 91L, 57L, 
    99L, 72L, 96L, 53L, 51L, 43L, 44L, 9L, 31L, 26L, 14L, 75L, 
    83L, 28L, 2L, 62L, 82L, 71L, 17L, 60L, 34L, 33L, 64L, 24L, 
    3L, 36L, 88L, 45L, 19L, 98L, 86L, 15L, 18L, 13L, 87L, 56L, 
    95L, 12L, 50L, 39L, 54L, 81L, 70L, 52L, 80L, 65L, 11L, 67L, 
    48L, 76L, 68L, 10L, 46L, 16L, 27L, 23L, 4L, 69L, 84L, 94L, 
    21L, 1L, 58L, 74L, 55L, 20L, 38L, 66L, 7L, 78L, 85L, 29L, 
    73L, 37L, 61L, 6L, 22L, 42L, 90L, 49L, 59L, 77L, 5L, 92L, 
    47L, 79L, 93L, 97L, 35L, 100L, 25L, 89L, 30L, 41L, 32L, 8L, 
    40L, 63L, 91L, 57L, 99L, 72L, 96L, 53L, 51L, 43L, 44L, 9L, 
    31L, 26L, 14L, 75L, 83L, 28L, 2L, 62L, 82L, 71L, 17L, 60L, 
    34L, 33L, 64L, 24L, 3L, 36L, 88L, 45L, 19L, 98L, 86L, 15L, 
    18L, 13L, 87L, 56L, 95L, 12L, 50L, 39L, 54L, 81L, 70L, 52L, 
    80L, 65L, 11L, 67L, 48L, 76L, 68L, 10L, 46L, 16L, 27L, 23L, 
    4L, 69L, 84L, 94L, 21L, 1L, 58L, 74L, 55L, 20L, 38L, 66L, 
    7L, 78L, 85L, 29L, 73L, 37L, 61L, 6L, 22L, 42L, 90L, 49L, 
    59L, 77L, 5L, 92L, 47L, 79L, 93L, 97L, 35L, 100L, 25L, 89L, 
    30L, 41L, 32L, 8L, 40L, 63L, 91L, 57L, 99L, 72L, 96L, 53L, 
    51L, 43L, 44L, 9L),