structure(list(ID = structure(c(12L, 11L, 10L, 9L, 8L, 7L, 6L, 
5L, 4L, 3L, 2L, 1L, 77L, 76L, 75L, 74L, 73L, 72L, 71L, 70L, 69L, 
68L, 67L, 66L, 65L, 64L, 63L, 62L, 61L, 60L, 59L, 58L, 57L, 56L, 
55L, 54L, 53L, 52L, 51L, 50L, 49L, 48L, 47L, 46L, 45L, 44L, 43L, 
42L, 41L, 40L, 39L, 38L, 37L, 36L, 35L, 34L, 33L, 32L, 31L, 30L, 
29L, 28L, 27L, 26L, 25L, 24L, 23L, 22L, 21L, 20L, 19L, 18L, 17L, 
16L, 15L, 14L, 13L), .Label = c("1004868393", "1005143690", "1005746970", 
"1009317497", "1009631017", "1010078307", "1023791516", "1025310612", 
"1027705302", "1027939180", "1028153122", "1028684090", "795411493", 
"798015179", "798021446", "803859124", "806600060", "809466038", 
"809553064", "809914724", "810293069", "824519392", "825611828", 
"825659801", "831346855", "832348036", "840937641", "840951402", 
"841960644", "853221451", "866025451", "870228182", "877329764", 
"891913136", "892330287", "901566887", "901588874", "901606721", 
"901648832", "901902589", "904403408", "905368736", "907833786", 
"913019608", "914681474", "915351342", "915366266", "915366793", 
"915374102", "917610775", "921023955", "921214081", "921425451", 
"923055210", "923598311", "927657317", "928972805", "930657593", 
"937824810", "937938072", "937983227", "938145547", "940096189", 
"943116169", "944582940", "949156875", "950558201", "950612009", 
"955053514", "957332198", "964811056", "964815797", "964826541", 
"964850780", "971135153", "972669455", "985786793"), class = "factor"), 
    url = structure(c(73L, 77L, 36L, 66L, 74L, 17L, 76L, 58L, 
    64L, 48L, 32L, 75L, 26L, 63L, 30L, 54L, 23L, 65L, 51L, 33L, 
    24L, 9L, 8L, 25L, 45L, 42L, 46L, 7L, 55L, 47L, 27L, 44L, 
    41L, 10L, 67L, 13L, 62L, 69L, 12L, 60L, 52L, 21L, 11L, 49L, 
    43L, 61L, 70L, 59L, 38L, 37L, 14L, 53L, 22L, 50L, 29L, 57L, 
    20L, 56L, 35L, 28L, 34L, 19L, 18L, 5L, 71L, 16L, 15L, 72L, 
    3L, 39L, 4L, 1L, 31L, 40L, 68L, 2L, 6L), .Label = c("http://indianexpress.com/article/cities/delhi/delhi-sealing-drive-school-sealed-children-forced-to-study-in-open-5056753/", 
    "http://indianexpress.com/article/world/uk-school-forced-to-reverse-hijab-ban-5033725/", 
    "http://www.dnaindia.com/india/report-as-mp-ministers-enjoy-cultural-event-at-tikamgarh-school-students-forced-to-write-exams-on-terrace-amid-blaring-music-2583211", 
    "http://www.dnaindia.com/jaipur/report-protests-forced-govt-to-shelve-ppp-model-in-school-education-2582930", 
    "http://www.firstpost.com/india/kolkata-school-that-forced-students-to-confess-to-lesbianism-exemplifies-how-not-to-treat-queer-children-4391763.html", 
    "http://www.freepressjournal.in/mumbai/mumbai-students-with-special-needs-forced-to-sit-near-toilet-in-school/1205285", 
    "http://www.madhayamam.com/en/international/2018/sep/3/phone-ban-school-french-children-forced-hang", 
    "http://www.newindianexpress.com/cities/bengaluru/2018/sep/20/14-year-old-commits-suicide-on-being-forced-to-go-to-school-in-bengaluru-1874643.html", 
    "http://www.newindianexpress.com/cities/bengaluru/2018/sep/20/bengaluru-teen-commits-suicide-on-being-forced-to-go-to-school-1874643.html", 
    "http://www.newindianexpress.com/nation/2018/aug/19/jabalpur-school-forced-to-apologise-for-not-inviting-students-to-independence-day-flag-hoisting-1859602.html", 
    "http://www.newindianexpress.com/nation/2018/jul/30/chhattisgarh-students-forced-to-skip-school-due-to-heavy-rainfall-1850598.html", 
    "http://www.newindianexpress.com/states/karnataka/2018/aug/08/koppal-school-children-forced-to-wash-physical-education-teachers-clothes-1854805.html", 
    "http://www.newindianexpress.com/states/karnataka/2018/aug/11/primary-school-kids-forced-to-wash-toilets-bikes-in-gokak-teachers-face-enquiry-1856306.html", 
    "http://www.newindianexpress.com/states/karnataka/2018/jul/08/karnataka-government-school-students-forced-to-study-in-damaged-classrooms-1840240.html", 
    "http://www.newindianexpress.com/states/karnataka/2018/mar/06/govt-school-students-forced-to-use-drains-near-railway-track-as-toilets-1782720.html", 
    "http://www.newindianexpress.com/states/karnataka/2018/mar/06/karnataka-government-school-students-forced-to-use-drains-near-railway-track-as-toilets-in-belagavi-1782720.html", 
    "http://www.newindianexpress.com/states/odisha/2018/dec/21/school-functions-without-nocstudents-forced-to-do-menial-jobs-1914554.html", 
    "http://www.newindianexpress.com/states/odisha/2018/mar/30/pupils-forced-to-clean-school-loos-1794624.html", 
    "http://www.newindianexpress.com/states/odisha/2018/mar/30/students-forced-to-clean-school-toilets-in-odishas-jagatsinghpur-1794624.html", 
    "http://www.oyetimes.com/news/asia/193049-this-student-is-suing-her-school-after-being-forced-to-dye-her-hair-black", 
    "http://www.sify.com/news/cgarh-students-forced-to-skip-school-due-to-heavy-rainfall-news-national-sh4jvchhdcfgf.html", 
    "http://www.sify.com/news/karnataka-government-school-students-forced-to-study-in-damaged-classrooms-news-national-shiqIsdjhhfeb.html", 
    "http://www.sify.com/news/students-forced-to-study-inside-a-hut-turned-school-in-odisha-news-national-skjifHihaecca.html", 
    "https://freepresskashmir.com/2018/09/26/being-forced-to-attend-school-on-strike-days-say-teachers-of-private-institutions/", 
    "https://indianexpress.com/article/india/dehradun-school-gangrape-5362528/", 
    "https://indianexpress.com/article/india/school-students-forced-to-strip-punjab-5433185/", 
    "https://timesofindia.indiatimes.com/city/chennai/as-fleet-of-school-vehicles-shrinks-more-students-forced-to-take-unsafe-private-rides/articleshow/65649364.cms", 
    "https://timesofindia.indiatimes.com/city/coimbatore/forced-to-take-tc-parents-protest-in-front-of-pvt-school/articleshow/63837578.cms", 
    "https://timesofindia.indiatimes.com/city/coimbatore/science-students-forced-to-take-up-arts-group-at-city-school/articleshow/64704661.cms", 
    "https://timesofindia.indiatimes.com/city/coimbatore/students-forced-to-cross-rly-tracks-to-reach-govt-school/articleshow/66252590.cms", 
    "https://timesofindia.indiatimes.com/city/coimbatore/students-forced-to-mop-up-muck-at-corpn-school/articleshow/62782337.cms", 
    "https://timesofindia.indiatimes.com/city/dehradun/young-girls-forced-to-skip-school-during-periods-as-temples-fall-on-path/articleshow/66836940.cms", 
    "https://timesofindia.indiatimes.com/city/kolkata/children-of-schoolbus-attackers-forced-to-stay-away-from-school/articleshow/66001405.cms", 
    "https://timesofindia.indiatimes.com/city/ludhiana/forced-to-walk-to-school-teacher-suffers-miscarriage-files-complaint/articleshow/63563316.cms", 
    "https://timesofindia.indiatimes.com/city/navi-mumbai/karjat-spl-school-8-boys-locked-in-room-forced-to-urinate-in-bottles/articleshow/64116732.cms", 
    "https://timesofindia.indiatimes.com/city/vijayawada/6-kids-forced-to-stand-naked-for-turning-up-late-to-school-in-andhra-pradesh/articleshow/67280714.cms", 
    "https://timesofindia.indiatimes.com/videos/city/bengaluru/students-forced-to-attend-school-despite-dilapidated-condition-of-building-in-karnatakas-kalaburagi/videoshow/64909304.cms", 
    "https://timesofindia.indiatimes.com/videos/city/bhopal/on-cam-students-forced-to-cross-river-in-makeshift-boat-to-reach-their-school/videoshow/64965174.cms", 
    "https://timesofindia.indiatimes.com/videos/city/delhi/delhi-students-forced-to-sit-in-open-as-parts-of-school-sealed/videoshow/62853424.cms", 
    "https://timesofindia.indiatimes.com/videos/city/hyderabad/students-at-this-govt-school-in-hyd-are-forced-to-sit-on-floor-due-to-unavailability-of-benches/videoshow/62719012.cms", 
    "https://timesofindia.indiatimes.com/videos/city/kolkata/shocking-students-physically-assaulted-forced-into-labour-at-a-school-in-west-bengal/videoshow/65485206.cms", 
    "https://timesofindia.indiatimes.com/videos/news/chhattisgarh-students-forced-to-take-classes-in-house-due-to-dilapidated-school-building/videoshow/65750683.cms", 
