structure(list(ID = structure(c(7L, 6L, 5L, 4L, 3L, 2L, 1L, 100L, 
99L, 98L, 97L, 96L, 95L, 94L, 93L, 92L, 91L, 90L, 89L, 88L, 87L, 
86L, 85L, 84L, 83L, 82L, 81L, 80L, 79L, 78L, 77L, 76L, 75L, 74L, 
73L, 72L, 71L, 70L, 69L, 68L, 67L, 66L, 65L, 64L, 63L, 62L, 61L, 
60L, 59L, 58L, 57L, 56L, 55L, 54L, 53L, 52L, 51L, 50L, 49L, 48L, 
47L, 46L, 45L, 44L, 43L, 42L, 41L, 40L, 39L, 38L, 37L, 36L, 35L, 
34L, 33L, 32L, 31L, 30L, 29L, 28L, 27L, 26L, 25L, 24L, 23L, 22L, 
21L, 20L, 19L, 18L, 17L, 16L, 15L, 14L, 13L, 12L, 11L, 10L, 9L, 
8L, 7L, 6L, 5L, 4L, 3L, 2L, 1L, 100L, 99L, 98L, 97L, 96L, 95L, 
94L, 93L, 92L, 91L, 90L, 89L, 88L, 87L, 86L, 85L, 84L, 83L, 82L, 
81L, 80L, 79L, 78L, 77L, 76L, 75L, 74L, 73L, 72L, 71L, 70L, 69L, 
68L, 67L, 66L, 65L, 64L, 63L, 62L, 61L, 60L, 59L, 58L, 57L, 56L, 
55L, 54L, 53L, 52L, 51L, 50L, 49L, 48L, 47L, 46L, 45L, 44L, 43L, 
42L, 41L, 40L, 39L, 38L, 37L, 36L, 35L, 34L, 33L, 32L, 31L, 30L, 
29L, 28L, 27L, 26L, 25L, 24L, 23L, 22L, 21L, 20L, 19L, 18L, 17L, 
16L, 15L, 14L, 13L, 12L, 11L, 10L, 9L, 8L), .Label = c("1002392385", 
"1002397366", "1002399329", "1007741166", "1008997061", "1026026991", 
"1028606393", "844808207", "845566958", "848421147", "849276354", 
"850212365", "850511892", "851341745", "851848380", "852013568", 
"854042055", "856995258", "857000569", "857153284", "857627186", 
"857865236", "858919531", "859597292", "860447843", "861729064", 
"861829527", "868113155", "868931505", "872351989", "876505203", 
"876508819", "881760087", "887585204", "892351959", "892928594", 
"896092403", "898550203", "898552443", "900892075", "900977643", 
"903017484", "903045787", "903053868", "903063473", "903130465", 
"903133588", "903227548", "903265286", "903275081", "903288427", 
"903313796", "903316092", "903318777", "903322192", "903327987", 
"903376374", "903388831", "903392229", "903413041", "903425814", 
"903457170", "903474097", "903474493", "903635891", "903665078", 
"903941349", "904170002", "904375734", "904397820", "904650612", 
"904709323", "904748667", "905606353", "905867789", "905870615", 
"906371111", "907700146", "909066748", "909073236", "909080993", 
"909432624", "909646102", "914879659", "914888031", "914892287", 
"914898440", "914911527", "915435242", "916305422", "917539393", 
"924683089", "926490610", "926491665", "929807774", "934515784", 
"938476654", "941713746", "952688886", "982110088"), class = "factor"), 
    url = structure(c(48L, 49L, 89L, 43L, 61L, 27L, 100L, 45L, 
    20L, 99L, 51L, 7L, 50L, 76L, 81L, 38L, 40L, 92L, 86L, 87L, 
    30L, 59L, 97L, 57L, 74L, 88L, 31L, 60L, 58L, 36L, 33L, 65L, 
    70L, 98L, 54L, 42L, 25L, 71L, 64L, 75L, 39L, 67L, 93L, 91L, 
    95L, 56L, 85L, 83L, 94L, 11L, 16L, 73L, 72L, 12L, 44L, 78L, 
    3L, 55L, 96L, 9L, 4L, 22L, 66L, 29L, 63L, 21L, 23L, 24L, 
    62L, 28L, 90L, 34L, 82L, 8L, 14L, 69L, 26L, 15L, 10L, 6L, 
    1L, 41L, 77L, 32L, 35L, 46L, 79L, 17L, 53L, 19L, 52L, 18L, 
    80L, 47L, 2L, 5L, 84L, 13L, 37L, 68L, 48L, 49L, 89L, 43L, 
    61L, 27L, 100L, 45L, 20L, 99L, 51L, 7L, 50L, 76L, 81L, 38L, 
    40L, 92L, 86L, 87L, 30L, 59L, 97L, 57L, 74L, 88L, 31L, 60L, 
    58L, 36L, 33L, 65L, 70L, 98L, 54L, 42L, 25L, 71L, 64L, 75L, 
    39L, 67L, 93L, 91L, 95L, 56L, 85L, 83L, 94L, 11L, 16L, 73L, 
    72L, 12L, 44L, 78L, 3L, 55L, 96L, 9L, 4L, 22L, 66L, 29L, 
    63L, 21L, 23L, 24L, 62L, 28L, 90L, 34L, 82L, 8L, 14L, 69L, 
    26L, 15L, 10L, 6L, 1L, 41L, 77L, 32L, 35L, 46L, 79L, 17L, 
    53L, 19L, 52L, 18L, 80L, 47L, 2L, 5L, 84L, 13L, 37L, 68L), .Label = c("http://indianexpress.com/article/cities/pune/bombay-hc-says-school-has-liberty-to-cancel-admission-if-parents-refuse-to-pay-fees-5162735/", 
    "http://meghalayatimes.info/index.php/front-page/41952-parents-seethe-at-government-ineptitude-over-school-fees", 
    "http://www.asianage.com/metros/delhi/110718/16-girls-confined-in-delhi-schools-basement-over-non-payment-of-fees.html", 
    "http://www.asianage.com/metros/delhi/110718/minors-locked-in-school-basement-over-fees-dispute.html", 
    "http://www.asianage.com/metros/delhi/150418/private-school-hikes-fees-to-meet-fund-crunch.html", 
    "http://www.assamtribune.com/scripts/detailsnew.asp?id=may1518%2Fcity052", 
    "http://www.centralchronicle.com/false-story-of-loot-to-pay-school-fees-of-his-children-revealed.html", 
    "http://www.dnaindia.com/ahmedabad/report-ahmedabad-school-seeks-2nd-quarter-fees-pulled-up-2625602", 
    "http://www.dnaindia.com/delhi/report-delhi-s-school-locks-kids-in-basement-for-delay-in-payment-of-fees-2635720", 
    "http://www.dnaindia.com/delhi/report-private-school-rolls-back-hiked-fees-after-aap-government-s-order-2615563", 
    "http://www.dnaindia.com/india/report-delhi-school-detains-kg-kids-in-basement-for-fees-delay-headmistress-says-it-is-where-children-play-2635860", 
    "http://www.dnaindia.com/india/report-delhi-school-detains-kids-in-basement-as-punishment-for-delay-in-payment-of-fees-case-lodged-2635829", 
    "http://www.dnaindia.com/mumbai/report-47-parents-in-maharashtra-claim-school-fees-hiked-beyond-10-2603815", 
    "http://www.dnaindia.com/mumbai/report-khargar-school-demands-rs-37800-as-activity-fees-from-rte-parents-2622455", 
    "http://www.dnaindia.com/mumbai/report-school-goers-to-suffer-as-bus-fees-to-go-up-by-13-in-mumbai-2617505", 
    "http://www.freepressjournal.in/headlines/delhi-horror-16-girls-locked-up-in-basement-for-five-hours-over-non-payment-of-fees-school-booked-for-cruelty/1313522", 
    "http://www.freepressjournal.in/latest-news/bhopal-all-saints-school-built-on-govt-land-cant-hike-fees-says-parents-association/1265261", 
    "http://www.freepressjournal.in/mumbai/bombay-high-court-high-fees-do-not-make-a-school-a-good-one/1259715", 
    "http://www.newindianexpress.com/cities/bengaluru/2018/apr/26/a-mobile-app-to-avail-instant-loans-to-pay-school-fees-1806407.html", 
    "http://www.newindianexpress.com/cities/bengaluru/2018/sep/23/man-ends-life-over-non-payment-of-childrens-school-fees-1875962.html", 
    "http://www.newindianexpress.com/cities/delhi/2018/jul/10/students-harassed-over-fees-payment-case-registered-against-rabea-girls-public-school-in-delhi-1841312.html", 
    "http://www.newindianexpress.com/cities/delhi/2018/jul/11/delhi-school-confines-kg-students-in-basement-for-not-paying-fees-case-registered-1841503.html", 
    "http://www.newindianexpress.com/nation/2018/jul/07/50-per-cent-families-cut-travel-shopping-to-pay-school-fees-according-to-new-survey-1839530.html", 
    "http://www.newindianexpress.com/nation/2018/jul/07/families-cut-travel-shopping-to-pay-school-fees-1839530.html", 
    "http://www.newindianexpress.com/nation/2018/jul/13/national-norms-out-to-regulate-school-fees-1842566.html", 
    "http://www.newindianexpress.com/nation/2018/may/29/pune-school-issues-leaving-certificate-to-150-students-for-not-paying-fees-1820872.html", 
    "http://www.sify.com/news/aap-will-roll-back-any-potential-increase-in-school-fees-in-haryana-if-it-comes-to-power-kejriwal-news-others-slyuqBchhighb.html", 
    "http://www.sify.com/news/parents-want-regulation-of-school-fees-survey-news-others-shdrUWcjgfjgh.html", 
    "http://www.sify.com/news/private-school-management-booked-for-detaining-minors-over-fees-news-others-shkxqQdjiehbe.html", 
    "http://www.sify.com/news/this-clerk-pays-school-fees-of-45-girls-in-ktaka-news-national-sh3jTJghchhdc.html", 
    "http://www.sify.com/news/up-school-shuts-down-after-taking-fees-news-national-shugH0dddebig.html", 
    "https://gadgets.ndtv.com/internet/features/payus-new-emi-platform-monedo-is-proving-to-be-popular-when-paying-fees-and-buying-mobiles-1844996", 
    "https://indianexpress.com/article/education/ncpcr-recommends-use-of-ai-digital-technology-for-regulating-school-fees-5261715/", 
    "https://punemirror.indiatimes.com/pune/others/school-sends-siblings-home-due-to-non-payment-of-fees/articleshow/64715101.cms", 
    "https://timesofindia.indiatimes.com/city/ahmedabad/even-british-tried-to-tame-school-fees/articleshow/63955946.cms", 
