structure(list(ID = structure(c(12L, 11L, 10L, 9L, 8L, 7L, 6L, 
5L, 4L, 3L, 2L, 1L, 54L, 53L, 52L, 51L, 50L, 49L, 48L, 47L, 46L, 
45L, 43L, 44L, 42L, 41L, 40L, 39L, 38L, 37L, 36L, 35L, 34L, 33L, 
32L, 31L, 30L, 29L, 28L, 27L, 26L, 25L, 24L, 23L, 22L, 21L, 20L, 
19L, 18L, 17L, 16L, 15L, 14L, 13L), .Label = c("1003753056", 
"1004502839", "1005214630", "1012370869", "1018315380", "1018326612", 
"1019472918", "1019494672", "1019498264", "1019513652", "1019671323", 
"1026758211", "797813448", "797858559", "798093497", "808405492", 
"810760071", "818841032", "820831605", "822430271", "829314946", 
"843018113", "855691488", "856404453", "864168038", "864274767", 
"864549183", "864560638", "865697840", "879894288", "880308917", 
"889738625", "890336286", "897705655", "903045787", "903053868", 
"906499780", "907116573", "907779178", "925769771", "929621925", 
"930704965", "930895204", "932070939", "941698271", "949383282", 
"954716687", "957895937", "962441479", "964603694", "966287148", 
"967405886", "969419629", "972756048"), class = "factor"), url = structure(c(25L, 
50L, 15L, 37L, 21L, 36L, 34L, 27L, 7L, 4L, 48L, 32L, 42L, 52L, 
8L, 39L, 53L, 51L, 30L, 16L, 41L, 17L, 47L, 14L, 49L, 26L, 54L, 
5L, 40L, 46L, 19L, 38L, 1L, 24L, 11L, 18L, 6L, 43L, 9L, 20L, 
22L, 44L, 12L, 3L, 2L, 23L, 29L, 31L, 45L, 33L, 10L, 13L, 35L, 
28L), .Label = c("http://businessworld.in/article/Indian-School-of-Development-Management-Holds-its-First-Convocation-Ceremony-/02-07-2018-153616", 
"http://businessworld.in/article/NMIMS-Launches-Entrepreneurship-and-Family-Business-Management-School/03-04-2018-145220", 
"http://businessworld.in/article/S-P-Jain-School-of-Global-Management-Launches-a-new-Undergraduate-Program-in-Data-Science-/24-04-2018-147245", 
"http://businessworld.in/article/SP-Jain-School-Of-Global-Management-Issues-Blockchain-Enabled-Certificates-To-Its-Students-/28-11-2018-164631", 
"http://businessworld.in/article/SP-Jain-School-of-Global-Management-Reports-a-Successful-Placement-Season-for-its-Global-MBA-Class-of-2018-With-Average-Starting-Salaries-of-INR-25-Lakhs-/18-07-2018-155118", 
"http://indianexpress.com/article/cities/pune/itdp-ghodegaon-to-strengthen-school-management-committees-5201950/", 
"http://www.asianage.com/metros/mumbai/071218/mumbai-schools-may-get-school-management-committee.html", 
"http://www.assamtribune.com/scripts/detailsnew.asp?id=oct1218%2Fcity053", 
"http://www.business-standard.com/article/news-ians/students-of-iit-kharagpur-s-management-school-secure-100-placements-118050900006_1.html", 
"http://www.dnaindia.com/india/report-uttar-pradesh-student-dies-after-teacher-slaps-her-school-management-claims-epileptic-seizure-2582406", 
"http://www.dnaindia.com/jaipur/report-krishna-bhati-relieved-from-post-of-sms-school-principal-management-2626798", 
"http://www.freepressjournal.in/latest-news/bhopal-school-management-skips-meeting-adm-orders-enquiry-on-anomalies-reported-by-parents/1264564", 
"http://www.hindustantimes.com/india-news/yamunanagar-school-principal-murder-management-says-accused-a-spoilt-brat-but-neighbours-vouch-for-his-sincerity/story-yoKohZfBoLhNjiCUeDXc5I.html", 
"http://www.newindianexpress.com/cities/bengaluru/2018/aug/26/bengaluru-ambedkar-school-of-economics-mulls-name-change-to-add-management-courses-1862917.html", 
"http://www.newindianexpress.com/cities/hyderabad/2018/dec/16/3-yr-old-drowns-in-pool-during-school-picnic-1912135.html", 
"http://www.newindianexpress.com/cities/thiruvananthapuram/2018/sep/26/disaster-management-principles-to-be-included-in-school-curriculum-1877163.html", 
"http://www.newindianexpress.com/states/kerala/2018/sep/08/dc-school-of-management-and-technology-student-brutally-beaten-up-by-group-of-seniors-1869019.html", 
"http://www.newindianexpress.com/states/tamil-nadu/2018/jun/04/new-initiative-to-ensure-formation-of-school-management-committees-in-tamil-nadu-and-puducherry-1823379.html", 
"http://www.sify.com/news/private-school-management-booked-for-detaining-minors-over-fees-news-others-shkxqQdjiehbe.html", 
"http://www.sify.com/news/students-of-iit-kharagpurs-management-school-secure-100-placements-news-others-sfjaqWcjcfgbe.html", 
"http://www.sify.com/news/toddler-died-after-drowning-parents-blame-school-management-for-negligence-news-national-smqfcDaigfjaj.html", 
"http://www.thehindu.com/brandhub/sda-bocconi-school-of-management-launches-its-asia-center-in-mumbai/article23813008.ece", 
"http://www.thehindu.com/education/the-complete-package-mba-at-iseg-school-of-management/article23030826.ece", 
"http://www.thehindu.com/news/cities/Kochi/water-audit-at-school-calls-for-better-management/article24205044.ece", 
"http://zeenews.india.com/education/gmac-includes-xavier-university-bhubaneswar-escp-europe-and-whu-otto-beisheim-school-of-management-as-member-institutes-2166061.html", 
"https://swachhindia.ndtv.com/mumbai-school-goes-green-gets-recycled-desk-chairs-made-used-cartons-24365/", 
"https://swarajyamag.com/insta/kerala-school-management-association-expels-general-secretary-over-fund-appropriation-without-cbse-permission-2", 
"https://timesofindia.indiatimes.com/city/chandigarh/punish-boy-father-school-management/articleshow/62587496.cms", 
"https://timesofindia.indiatimes.com/city/coimbatore/grg-school-of-management-launches-coffee-table-book-on-its-silver-jubilee/articleshow/63117758.cms", 
"https://timesofindia.indiatimes.com/city/hyderabad/tolichowki-school-rape-hc-wants-management-to-explain-by-monday/articleshow/66011997.cms", 
"https://timesofindia.indiatimes.com/city/pune/students-get-first-hand-experience-of-traffic-management-at-spm-school/articleshow/63086213.cms", 
"https://timesofindia.indiatimes.com/home/education/news/internationalimmersion-programme-a-step-towardsbecoming-a-global-manager-at-fore-school-of-management-new-delhi/articleshow/66814371.cms", 
"https://timesofindia.indiatimes.com/home/education/news/kolkata-school-molestation-guardians-management-agree-on-steps-for-kids-safety/articleshow/62868676.cms", 
"https://timesofindia.indiatimes.com/home/education/news/times-higher-education/wsj-survey-on-management-education-isb-iim-c-s-p-jain-school-of-global-management-among-top-5/articleshow/67089611.cms", 
"https://timesofindia.indiatimes.comhome/education/news/punish-boy-father-school-management/articleshow/62587496.cms", 
"https://www.aninews.in/news/toddler-died-after-drowning-parents-blame-school-management-for-negligence201812160401150001/", 
"https://www.business-standard.com/article/news-ani/toddler-died-after-drowning-parents-blame-school-management-for-negligence-118121600041_1.html", 
"https://www.business-standard.com/article/news-ians/private-school-management-booked-for-detaining-minors-over-fees-118071001463_1.html", 
"https://www.business-standard.com/article/pti-stories/decision-to-okay-school-management-committee-funds-a-game-changer-kejriwal-118101001048_1.html", 
"https://www.business-standard.com/article/pti-stories/gujarat-based-university-ties-up-with-american-school-to-launch-mba-prog-in-pharma-management-118071700471_1.html", 
"https://www.business-standard.com/article/pti-stories/school-management-committees-in-delhi-to-be-known-as-vidyalaya-kalyan-samitis-118091801120_1.html", 
"https://www.business-standard.com/article/reuters/investec-asset-management-buys-stake-in-south-african-school-firm-118101800789_1.html", 
"https://www.financialexpress.com/jobs/iit-kharagpur-management-school-placements-2018-record-created-of-100-check-the-highest-salary-package/1162705/", 
"https://www.financialexpress.com/sponsored/sda-bocconi-school-of-management-launches-its-asia-center-in-mumbai/1159541/", 
"https://www.hindustantimes.com/indore/indore-school-bus-accident-inquiry-report-blames-dps-management/story-XhFRRtLTSttTqX6SnjFFoM.html", 
"https://www.hindustantimes.com/noida/probe-ordered-against-management-of-greater-noida-school-in-minor-s-rape-case/story-0viYbW97P1WbxXrWLk62IP.html", 
