structure(list(ID = structure(c(1L, 29L, 28L, 27L, 26L, 25L, 
24L, 23L, 22L, 21L, 20L, 19L, 18L, 17L, 16L, 15L, 14L, 13L, 12L, 
11L, 10L, 9L, 8L, 7L, 6L, 5L, 4L, 3L, 2L), .Label = c("1006006010", 
"788068276", "788401607", "788761777", "788977400", "789005367", 
"789734799", "790345573", "791551757", "801978178", "802171189", 
"806167061", "813912611", "813943442", "825863123", "839340788", 
"842026874", "873674631", "892883522", "894012736", "894361543", 
"899259577", "899261519", "899272054", "899344287", "905876663", 
"906288812", "908172525", "933603294"), class = "factor"), url = structure(c(29L, 
16L, 24L, 22L, 18L, 2L, 13L, 9L, 26L, 25L, 14L, 11L, 7L, 8L, 
12L, 15L, 5L, 6L, 21L, 23L, 20L, 28L, 1L, 3L, 17L, 27L, 19L, 
4L, 10L), .Label = c("http://www.dnaindia.com/mumbai/report-school-closure-report-is-a-rumour-state-2573978", 
"http://www.easternmirrornagaland.com/thousands-sign-petition-to-save-hindu-school-from-closure-in-uk/", 
"http://www.hindustantimes.com/india-news/kerala-govt-orders-closure-of-school-for-communal-curriculum/story-Pwla0zex6GmukKn7QDIbBN.html", 
"http://www.newindianexpress.com/states/kerala/2018/jan/05/peace-international-school-dismisses-reports-of-closure-1744911.html", 
"http://www.newindianexpress.com/states/odisha/2018/feb/16/odisha-parents-slam-paradeep-phosphates-ltd-over-closure-of-dav-school-1774191.html", 
"http://www.newindianexpress.com/states/odisha/2018/feb/16/parents-slam-ppl-over-closure-of-dav-school-1774191.html", 
"http://www.newindianexpress.com/states/tamil-nadu/2018/may/24/railways-school-facing-closure-gets-100-per-cent-result-in-tamil-nadu-1818800.html", 
"http://www.newindianexpress.com/thesundaystandard/2018/mar/31/school-closure-doe-panel-yet-to-decide-on-recognition-1795332.html", 
"http://www.newindianexpress.com/world/2018/jul/04/thousands-sign-petition-to-save-hindu-school-from-closure-in-uk-1838202.html", 
"http://www.sify.com/news/kochis-peace-international-school-in-trouble-after-objectionable-syllabus-cm-orders-closure-news-national-sbesx6abhiaie.html", 
"http://www.thehindu.com/news/cities/Coimbatore/starting-of-english-medium-saves-panchayat-union-primary-school-from-closure/article24244593.ece", 
"http://www.thehindu.com/news/national/kerala/school-closure-govt-told-totake-lenient-stand-in-hc/article23365732.ece", 
"https://indianexpress.com/article/world/thousands-sign-petition-to-save-hindu-school-from-closure-in-uk-5245956/", 
"https://timesofindia.indiatimes.com/city/bengaluru/students-travel-250km-get-cm-to-stop-school-closure/articleshow/64738851.cms", 
"https://timesofindia.indiatimes.com/city/bhubaneswar/ayurveda-school-faces-closure-in-kendrapada/articleshow/63183466.cms", 
"https://timesofindia.indiatimes.com/city/bhubaneswar/block-grant-teachers-threaten-school-closure-from-september-6/articleshow/65573569.cms", 
"https://timesofindia.indiatimes.com/city/kochi/peace-school-yet-to-get-closure-notice/articleshow/62390406.cms", 
"https://timesofindia.indiatimes.com/city/mangaluru/govt-kannada-school-on-verge-of-closure-now-has-packed-classes/articleshow/64995856.cms", 
"https://timesofindia.indiatimes.com/city/noida/noida-dm-orders-school-closure-till-january-10-schools-yet-to-receive-order/articleshow/62385582.cms", 
"https://timesofindia.indiatimes.com/city/pune/school-faces-closure-kids-have-to-trek-for-2-hrs-to-reach-new-one/articleshow/62676976.cms", 
"https://timesofindia.indiatimes.com/city/pune/secrecy-on-school-closure-survey-troubles-activists/articleshow/62773057.cms", 
"https://timesofindia.indiatimes.com/home/education/news/government-kannada-school-on-verge-of-closure-now-has-packed-classes/articleshow/65004093.cms", 
"https://timesofindia.indiatimes.comhome/education/school-faces-closure-kids-have-to-trek-for-2-hrs-to-reach-new-one/articleshow/62676976.cms", 
"https://www.business-standard.com/article/pti-stories/hc-raps-tn-educational-authorities-orders-school-s-closure-118071801491_1.html", 
"https://www.business-standard.com/article/pti-stories/swaminarayan-school-in-uk-announces-closure-by-july-2019-118062601057_1.html", 
"https://www.business-standard.com/article/pti-stories/thousands-sign-petition-to-save-hindu-school-from-closure-in-uk-118070400994_1.html", 
"https://www.deccanchronicle.com/nation/current-affairs/060118/kerala-govt-orders-closure-of-school-to-prevent-muslims-from-joining-isis.html", 
"https://www.indiatoday.in/india/story/kerala-government-shuts-down-school-to-prevent-muslims-from-joining-isis-1124018-2018-01-06", 
"https://www.mid-day.com/articles/mumbai-charity-chief-seeks-probe-into-closure-of-grant-road-school/20027189"
), class = "factor"), details = list(structure(list(uri = "pallavi_smart@mid-day.com", 
    name = "Pallavi Smart", type = "author", isAgency = FALSE), class = "data.frame", row.names = 1L), 
    structure(list(), .Names = character(0), row.names = integer(0), class = "data.frame"), 
    structure(list(), .Names = character(0), row.names = integer(0), class = "data.frame"), 
    structure(list(uri = "kevin_mendonsa@timesofindia.indiatimes.com", 
        name = "Kevin Mendonsa", type = "author", isAgency = FALSE), class = "data.frame", row.names = 1L), 
    structure(list(), .Names = character(0), row.names = integer(0), class = "data.frame"), 
    structure(list(), .Names = character(0), row.names = integer(0), class = "data.frame"), 
    structure(list(), .Names = character(0), row.names = integer(0), class = "data.frame"), 
    structure(list(uri = "http@newindianexpress.com", name = "http", 
        type = "author", isAgency = FALSE), class = "data.frame", row.names = 1L), 
    structure(list(), .Names = character(0), row.names = integer(0), class = "data.frame"), 
    structure(list(), .Names = character(0), row.names = integer(0), class = "data.frame"), 
    structure(list(uri = "kiran_parashar@timesofindia.indiatimes.com", 
        name = "Kiran Parashar", type = "author", isAgency = FALSE), class = "data.frame", row.names = 1L), 
    structure(list(), .Names = character(0), row.names = integer(0), class = "data.frame"), 
    structure(list(uri = c("http@newindianexpress.com", "jose_k_joseph@newindianexpress.com"
    ), name = c("http", "Jose K Joseph"), type = c("author", 
    "author"), isAgency = c(FALSE, FALSE)), class = "data.frame", row.names = 1:2), 
    structure(list(uri = c("http@newindianexpress.com", "sanskriti_talwar@newindianexpress.com"
    ), name = c("http", "Sanskriti Talwar"), type = c("author", 
    "author"), isAgency = c(FALSE, FALSE)), class = "data.frame", row.names = 1:2), 
    structure(list(), .Names = character(0), row.names = integer(0), class = "data.frame"), 
    structure(list(), .Names = character(0), row.names = integer(0), class = "data.frame"), 
    structure(list(uri = "http@newindianexpress.com", name = "http", 
        type = "author", isAgency = FALSE), class = "data.frame", row.names = 1L), 
    structure(list(uri = "http@newindianexpress.com", name = "http", 
        type = "author", isAgency = FALSE), class = "data.frame", row.names = 1L), 
    structure(list(uri = "ardhra_nair@timesofindia.indiatimes.com", 
        name = "Ardhra Nair", type = "author", isAgency = FALSE), class = "data.frame", row.names = 1L), 
    structure(list(), .Names = character(0), row.names = integer(0), class = "data.frame"), 
    structure(list(uri = "ardhra_nair@timesofindia.indiatimes.com", 
        name = "Ardhra Nair", type = "author", isAgency = FALSE), class = "data.frame", row.names = 1L), 
    structure(list(), .Names = character(0), row.names = integer(0), class = "data.frame"), 
    structure(list(), .Names = character(0), row.names = integer(0), class = "data.frame"), 
    structure(list(uri = "ramesh_babu@hindustantimes.com", name = "Ramesh Babu", 
        type = "author", isAgency = FALSE), class = "data.frame", row.names = 1L), 
    structure(list(), .Names = character(0), row.names = integer(0), class = "data.frame"), 
    structure(list(), .Names = character(0),