structure(list(ID = structure(c(8L, 7L, 6L, 5L, 4L, 3L, 2L, 1L, 
100L, 99L, 98L, 97L, 96L, 95L, 94L, 93L, 92L, 91L, 90L, 89L, 
88L, 87L, 86L, 85L, 84L, 83L, 82L, 81L, 80L, 79L, 78L, 77L, 76L, 
75L, 74L, 73L, 72L, 71L, 70L, 69L, 68L, 67L, 66L, 65L, 64L, 63L, 
62L, 61L, 60L, 59L, 58L, 57L, 56L, 55L, 54L, 53L, 52L, 51L, 50L, 
49L, 48L, 47L, 46L, 45L, 44L, 43L, 42L, 41L, 40L, 39L, 38L, 37L, 
36L, 35L, 34L, 33L, 32L, 31L, 30L, 29L, 28L, 27L, 26L, 25L, 24L, 
23L, 22L, 21L, 20L, 19L, 18L, 17L, 16L, 15L, 14L, 13L, 12L, 9L, 
11L, 10L, 8L, 7L, 6L, 5L, 4L, 3L, 2L, 1L, 100L, 99L, 98L, 97L, 
96L, 95L, 94L, 93L, 92L, 91L, 90L, 89L, 88L, 87L, 86L, 85L, 84L, 
83L, 82L, 81L, 80L, 79L, 78L, 77L, 76L, 75L, 74L, 73L, 72L, 71L, 
70L, 69L, 68L, 67L, 66L, 65L, 64L, 63L, 62L, 61L, 60L, 59L, 58L, 
57L, 56L, 55L, 54L, 53L, 52L, 51L, 50L, 49L, 48L, 47L, 46L, 45L, 
44L, 43L, 42L, 41L, 40L, 39L, 38L, 37L, 36L, 35L, 34L, 33L, 32L, 
31L, 30L, 29L, 28L, 27L, 26L, 25L, 24L, 23L, 22L, 21L, 20L, 19L, 
18L, 17L, 16L, 15L, 14L, 13L, 12L, 9L, 11L, 10L), .Label = c("1000246731", 
"1013781143", "1014362093", "1016100342", "1027354338", "1029010312", 
"1029153003", "1029205077", "853246140", "854269994", "854466319", 
"857623175", "858509642", "861157280", "874209344", "883545540", 
"883563607", "883775672", "884279580", "886128303", "886756669", 
"887522977", "888410176", "893271473", "895891746", "896701978", 
"901902589", "902679583", "903526204", "903566294", "908313256", 
"908688818", "909505564", "909528233", "913801357", "914419146", 
"914681474", "914768663", "916605348", "922170996", "922208040", 
"922587197", "922745604", "922849279", "923012051", "923606034", 
"924373741", "924387438", "924564447", "925486775", "928151069", 
"929829149", "930020827", "930454370", "931598601", "933272382", 
"934062327", "934345333", "934364798", "934402673", "934421416", 
"934501903", "934545984", "935457420", "935487603", "939831005", 
"940245142", "940427916", "941056628", "942342060", "943116169", 
"944656282", "944687059", "944698944", "945269089", "945283593", 
"950023743", "952828700", "952842306", "952943987", "953039060", 
"955694660", "957374362", "960732385", "963093302", "964695269", 
"965338564", "965763784", "968989588", "975896602", "976022354", 
"980088690", "981528288", "983327773", "984083483", "989956216", 
"997615876", "997624480", "998635249", "999920481"), class = "factor"), 
    url = structure(c(78L, 75L, 92L, 76L, 10L, 15L, 19L, 12L, 
    72L, 97L, 29L, 22L, 44L, 35L, 100L, 62L, 31L, 56L, 16L, 32L, 
    98L, 93L, 17L, 71L, 4L, 54L, 74L, 79L, 53L, 87L, 70L, 14L, 
    38L, 5L, 65L, 33L, 63L, 59L, 40L, 52L, 43L, 42L, 91L, 1L, 
    85L, 24L, 86L, 88L, 90L, 7L, 73L, 80L, 6L, 34L, 36L, 50L, 
    25L, 77L, 37L, 39L, 95L, 96L, 83L, 9L, 68L, 84L, 57L, 26L, 
    67L, 94L, 41L, 60L, 89L, 47L, 28L, 69L, 45L, 30L, 66L, 64L, 
    46L, 58L, 55L, 99L, 82L, 13L, 27L, 21L, 11L, 49L, 51L, 48L, 
    61L, 3L, 8L, 23L, 20L, 18L, 2L, 81L, 78L, 75L, 92L, 76L, 
    10L, 15L, 19L, 12L, 72L, 97L, 29L, 22L, 44L, 35L, 100L, 62L, 
    31L, 56L, 16L, 32L, 98L, 93L, 17L, 71L, 4L, 54L, 74L, 79L, 
    53L, 87L, 70L, 14L, 38L, 5L, 65L, 33L, 63L, 59L, 40L, 52L, 
    43L, 42L, 91L, 1L, 85L, 24L, 86L, 88L, 90L, 7L, 73L, 80L, 
    6L, 34L, 36L, 50L, 25L, 77L, 37L, 39L, 95L, 96L, 83L, 9L, 
    68L, 84L, 57L, 26L, 67L, 94L, 41L, 60L, 89L, 47L, 28L, 69L, 
    45L, 30L, 66L, 64L, 46L, 58L, 55L, 99L, 82L, 13L, 27L, 21L, 
    11L, 49L, 51L, 48L, 61L, 3L, 8L, 23L, 20L, 18L, 2L, 81L), .Label = c("http://heraldkeeper.com/market/door-access-control-solution-market-rising-demand-sectors-hospital-hotel-office-building-government-school-university-107777.html", 
    "http://indianexpress.com/article/india/jammu-kashmir-government-orders-probe-into-construction-of-high-school-building-5146905/", 
    "http://meghalayatimes.info/index.php/front-page/42397-demands-inquiry-while-alleging-misuse-of-public-funds", 
    "http://risingkashmir.com/news/9-years-on-govt-fails-to-construct-school-building-at-pulwamas-banjren", 
    "http://risingkashmir.com/news/dilapidated-school-building-at-wakherwan-risks-lives-of-students-", 
    "http://risingkashmir.com/news/locals-object-to-construction-of-school-building-on-playfield-", 
    "http://www.asianage.com/india/all-india/290818/tripura-boy-jumps-off-school-building-after-teachers-force-him-to-get-rakhi-tied-by-girlfriend.html", 
    "http://www.asianage.com/metros/delhi/030518/girl-falls-from-3rd-floor-of-govt-school-building.html", 
    "http://www.asianage.com/metros/delhi/110818/hc-ask-centre-govt-to-decide-on-dilapidated-school-building.html", 
    "http://www.assamtribune.com/scripts/detailsnew.asp?id=dec1218%2Fcity059", 
    "http://www.assamtribune.com/scripts/detailsnew.asp?id=jun1318%2Fcity056", 
    "http://www.assamtribune.com/scripts/detailsnew.asp?id=nov2218%2Fstate060", 
    "http://www.centralchronicle.com/glasgow-fire-art-schools-mackintosh-building-ravaged.html", 
    "http://www.centralchronicle.com/new-building-of-laxmi-mandi-school-to-be-fully-equipped.html", 
    "http://www.dailyexcelsior.com/roofless-school-building/", 
    "http://www.dailyexcelsior.com/students-villagers-protest-demand-repair-school-building-2/", 
    "http://www.dailyexcelsior.com/students-villagers-protest-demand-repair-school-building/", 
    "http://www.dailyexcelsior.com/students-villagers-protest-repair-school-building/", 
    "http://www.easternmirrornagaland.com/cec-phangsang-appeals-authority-to-renovate-school-building/", 
    "http://www.easternmirrornagaland.com/rajya-sabha-mp-inaugurates-school-building-in-khomi/", 
    "http://www.easternmirrornagaland.com/tizit-students-appeal-for-new-school-building/", 
    "http://www.easternmirrornagaland.com/wokha-school-building-gets-an-annexe/", 
    "http://www.freepressjournal.in/headlines/odisha-5-year-old-girl-raped-by-two-minor-boys-inside-school-building/1266518", 
    "http://www.freepressjournal.in/headlines/raksha-bandhan-tripura-boy-jumps-off-school-building-after-teachers-force-him-to-get-rakhi-tied-from-girl/1345302", 
    "http://www.freepressjournal.in/mumbai/mumbai-fire-in-parel-building-10-year-old-girls-fire-safety-training-at-school-helps-to-save-lives/1340806", 
    "http://www.newindianexpress.com/cities/delhi/2018/aug/09/delhi-government-admits-in-high-court-99-year-old-school-building-dilapidated-unsafe-for-kids-1855580.html", 
    "http://www.newindianexpress.com/cities/kochi/2018/jun/15/kochi-schools-heritage-building-under-renovation-collapses-1828359.html", 
    "http://www.newindianexpress.com/nation/2018/jul/20/allahabad-hc-directs-restoration-of-school-building-in-front-of-bjp-mps-house-1846243.html", 
    "http://www.newindianexpress.com/states/odisha/2018/nov/18/school-building-unsafe-classes-held-under-tree-1899784.html", 
    "http://www.newindianexpress.com/states/tamil-nadu/2018/jul/19/building-in-shambles-shift-school-1845489.html", 
    "http://www.newindianexpress.com/states/tamil-nadu/2018/oct/27/foundation-laid-for-tamil-association-school-building-1890607.html", 
    "http://www.newindianexpress.com/thesundaystandard/2018/oct/14/forty-years-on-school-awaits-building-1885127.html", 
    "http://www.sify.com/news/j-k-students-teachers-enjoy-new-school-building-in-rajouri-news-national-sjmkNyijbcbdd.html", 
    "http://www.theshillongtimes.com/2018/08/25/pala-lays-base-for-school-building-in-jowai/", 
    "http://www.theshillongtimes.com/2018/11/01/nongpoh-mla-concerned-over-delay-in-construction-of-school-building/", 
    "http://zeenews.india.com/uttar-pradesh/minor-girl-gang-raped-inside-school-building-in-ups-badaun-succumbs-to-injuries-2135436.html", 
    "https://indianexpress.com/article/cities/ludhiana/ludhiana-classes-of-govt-school-shifted-to-gurdwara-after-building-termed-unsafe-by-admn/", 
    "https://indianexpress.com/article/cities/ludhiana/nhai-notice-to-vacate-school-building-effort-from-teacher-education-secretary-saves-building-from-being-razed-5353319/", 
