structure(list(ID = structure(c(4L, 3L, 2L, 1L, 62L, 61L, 60L, 
59L, 58L, 57L, 56L, 55L, 54L, 52L, 53L, 51L, 50L, 49L, 48L, 47L, 
46L, 45L, 44L, 43L, 42L, 41L, 40L, 39L, 38L, 37L, 36L, 35L, 34L, 
33L, 32L, 31L, 30L, 29L, 28L, 27L, 26L, 25L, 24L, 23L, 22L, 21L, 
20L, 19L, 18L, 17L, 16L, 15L, 14L, 13L, 12L, 11L, 10L, 9L, 8L, 
7L, 6L, 5L), .Label = c("1022434730", "1022734251", "1022783220", 
"1022869151", "788402499", "788423527", "789353663", "789372413", 
"793320179", "799465282", "801036989", "801066111", "803320213", 
"804999524", "811753670", "819640094", "821894000", "835362733", 
"837452470", "839563087", "841581445", "841976361", "843723903", 
"843789546", "844871486", "845130221", "845178947", "845212961", 
"845655568", "846328452", "846973841", "849138860", "858821382", 
"858888373", "862848710", "865150396", "865155260", "865442460", 
"866676674", "871044754", "873209240", "879927539", "893604286", 
"904721487", "905136015", "905452594", "926664966", "930881788", 
"930889700", "931112563", "931120682", "931128841", "931129773", 
"931152133", "931169054", "931181553", "931348746", "931467666", 
"947431008", "947874928", "948706202", "948712507"), class = "factor"), 
    url = structure(c(57L, 58L, 59L, 56L, 28L, 4L, 51L, 44L, 
    50L, 26L, 55L, 47L, 60L, 25L, 46L, 45L, 42L, 48L, 31L, 38L, 
    27L, 43L, 52L, 34L, 37L, 30L, 29L, 35L, 49L, 22L, 6L, 53L, 
    10L, 54L, 32L, 1L, 33L, 9L, 3L, 5L, 12L, 13L, 61L, 62L, 36L, 
    2L, 39L, 40L, 11L, 7L, 41L, 14L, 8L, 21L, 20L, 17L, 23L, 
    24L, 16L, 15L, 19L, 18L), .Label = c("http://indianexpress.com/article/cities/ahmedabad/5-hike-in-provisional-fees-schools-charging-exorbitant-fees-indicates-fee-panel-5130955/", 
    "http://indianexpress.com/article/education/breather-for-private-schools-this-session-fee-hike-rules-to-be-implemented-from-next-education-secy-5118054/", 
    "http://indianexpress.com/article/education/up-government-to-promote-ordinance-for-checking-arbitrary-fee-hike-by-schools-5126376/", 
    "http://risingkashmir.com/news/cancel-recognition-of-schools-indulging-in-exorbitant-fee-hike-div-com-to-dsek", 
    "http://www.business-standard.com/article/current-affairs/govt-to-pass-ordinance-to-check-arbitrary-fee-hike-by-schools-up-dy-cm-118040600502_1.html", 
    "http://www.business-standard.com/article/news-ians/delhi-orders-two-schools-to-roll-back-fee-hike-118050901430_1.html", 
    "http://www.centralchronicle.com/bill-to-check-fee-hike-in-private-schools-comes-into-effect.html", 
    "http://www.deccanherald.com/content/657235/parents-city-join-protest-against.html", 
    "http://www.dnaindia.com/business/report-yogi-adityanath-s-govt-to-keep-an-eye-on-arbitrary-fee-hike-by-private-schools-2601980", 
    "http://www.dnaindia.com/jaipur/report-jaipur-protest-against-fee-hike-spreads-to-other-schools-2609747", 
    "http://www.dnaindia.com/mumbai/report-fee-hike-maharashtra-government-raps-private-schools-2595954", 
    "http://www.financialexpress.com/india-news/yogi-adityanath-government-to-soon-promulgate-ordinance-to-check-arbitrary-fee-hike-by-schools-says-dinesh-sharma/1123805/", 
    "http://www.newindianexpress.com/cities/chennai/2018/apr/06/parents-pay-the-price-as-schools-hike-fees-arbitrarily-in-chennai-1797680.html", 
    "http://www.newindianexpress.com/cities/hyderabad/2018/feb/13/after-hc-order-private-schools-in-hyderabad-hike-fees-1772472.html", 
    "http://www.newindianexpress.com/cities/hyderabad/2018/jan/07/schools-claim-no-information-received-yet-on-stay-of-fee-hike-1746661.html", 
    "http://www.newindianexpress.com/cities/hyderabad/2018/jan/07/schools-claim-no-information-received-yet-on-stay-of-fee-hike-in-hyderabad-1746661.html", 
    "http://www.newindianexpress.com/cities/hyderabad/2018/jan/26/parents-fume-at-inaction-by-govt-after-hc-allows-schools-to-hike-fees-1763529.html", 
    "http://www.newindianexpress.com/states/telangana/2018/jan/05/no-hike-in-fees-until-further-orders-govt-tells-private-schools-1744979.html", 
    "http://www.newindianexpress.com/states/telangana/2018/jan/05/no-hike-in-fees-until-further-orders-telangana-government-tells-private-schools-1744979.html", 
    "http://www.newindianexpress.com/states/telangana/2018/jan/26/parents-fume-at-inaction-by-government-after-hyderabad-high-court-allows-schools-to-hike-fees-1763529.html", 
    "http://www.sify.com/finance/fullstory.php?a=sb4pjlddhdhhb&title=ISB_Hyderabad_posts_fastest_salary_hike%3B_Among_top_4_Indian_b-schools_in_global_index", 
    "http://www.sify.com/news/delhi-orders-two-schools-to-roll-back-fee-hike-news-others-sfjvVdfaifgei.html", 
    "http://www.thehindu.com/news/cities/Hyderabad/govt-warns-private-schools-over-fee-hike/article22501148.ece", 
    "http://www.thehindu.com/news/cities/Hyderabad/private-schools-flouting-go-on-fee-hike-hspa/article22438273.ece", 
    "http://zeenews.india.com/delhi/128-private-schools-in-delhi-roll-back-arbitrary-fee-hike-2135726.html", 
    "https://indianexpress.com/article/cities/delhi/128-private-schools-in-delhi-roll-back-arbitrary-fee-hike-5323717/", 
    "https://indianexpress.com/article/education/ncpcr-recommends-10-yearly-cap-on-fee-hike-in-private-unaided-schools-5259242/", 
    "https://kashmirobserver.net/2018/local-news/cancel-license-pvt-schools-exorbitant-fee-hike-36125", 
    "https://timesofindia.indiatimes.com/city/bengaluru/dept-fixes-15-cap-on-fee-hike-in-pvt-schools/articleshow/64230061.cms", 
    "https://timesofindia.indiatimes.com/city/bhubaneswar/parents-slam-fee-hike-by-private-schools/articleshow/64286085.cms", 
    "https://timesofindia.indiatimes.com/city/delhi/128-city-schools-rolled-back-fee-hike-notices-to-67-others-delhi-government/articleshow/65522864.cms", 
    "https://timesofindia.indiatimes.com/city/gurgaon/hry-parents-schools-hike-fee-by-10/articleshow/63738509.cms", 
    "https://timesofindia.indiatimes.com/city/gurgaon/parents-to-haryana-cm-unjustified-fee-hike-in-private-schools/articleshow/63672386.cms", 
    "https://timesofindia.indiatimes.com/city/hyderabad/leash-on-schools-explain-to-panel-if-fee-hike-is-over-10/articleshow/64730554.cms", 
    "https://timesofindia.indiatimes.com/city/jaipur/fee-hike-hc-suspends-action-against-schools/articleshow/64131244.cms", 
    "https://timesofindia.indiatimes.com/city/jaipur/parents-in-the-dark-as-city-schools-hike-fees/articleshow/63561978.cms", 
    "https://timesofindia.indiatimes.com/city/kolkata/after-mamata-banerjees-nudge-kolkata-schools-go-for-moderate-fee-hike/articleshow/64433211.cms", 
    "https://timesofindia.indiatimes.com/city/mumbai/plan-to-let-pvt-schools-hike-fees-if-76-of-parents-agree/articleshow/65431199.cms", 
    "https://timesofindia.indiatimes.com/city/noida/parents-protest-three-fold-fee-hike-in-schools/articleshow/63495081.cms", 
    "https://timesofindia.indiatimes.com/home/education/news/kolkata-schools-fear-fee-hike-cap-could-undercut-autonomy/articleshow/63437846.cms", 
    "https://timesofindia.indiatimes.comhome/education/news/noida-ghaziabad-schools-fee-hike-court-directs-government-to-compensate-petitioners/articleshow/63060738.cms", 
    "https://www.business-standard.com/article/pti-stories/128-private-schools-in-delhi-roll-back-arbitrary-fee-hike-118082400539_1.html", 
    "https://www.business-standard.com/article/pti-stories/ncpcr-recommends-10-pc-yearly-cap-on-fee-hike-in-private-unaided-schools-118071301240_1.html", 
    "https://www.business-standard.com/article/pti-stories/two-pvt-schools-in-kashmir-lose-recognition-over-exorbitant-fee-hike-118091500729_1.html", 
    "https://www.dnaindia.com/india/report-128-private-schools-in-delhi-roll-back-arbitrary-fee-hike-2654140", 
    "https://www.financialexpress.com/education-2/128-private-schools-in-delhi-roll-back-arbitrary-fee-hike/1290906/", 
    "https://www.firstpost.com/india/128-private-schools-in-delhi-roll-back-fee-hike-following-complaints-arvind-kejriwal-had-described-it-as-arbitrary-5037601.html", 
