structure(list(ID = structure(c(8L, 7L, 6L, 5L, 4L, 3L, 2L, 1L, 
100L, 99L, 98L, 97L, 96L, 95L, 94L, 93L, 92L, 91L, 90L, 89L, 
88L, 87L, 86L, 85L, 84L, 83L, 82L, 81L, 80L, 79L, 78L, 77L, 76L, 
75L, 74L, 73L, 72L, 71L, 70L, 69L, 68L, 67L, 66L, 65L, 64L, 63L, 
62L, 61L, 60L, 59L, 58L, 57L, 56L, 55L, 54L, 53L, 52L, 51L, 50L, 
49L, 48L, 47L, 46L, 45L, 44L, 43L, 42L, 41L, 40L, 39L, 38L, 37L, 
36L, 35L, 34L, 33L, 32L, 31L, 30L, 29L, 28L, 27L, 26L, 25L, 24L, 
23L, 22L, 21L, 20L, 19L, 18L, 17L, 16L, 15L, 14L, 13L, 12L, 11L, 
10L, 9L, 8L, 7L, 6L, 5L, 4L, 3L, 2L, 1L, 100L, 99L, 98L, 97L, 
96L, 95L, 94L, 93L, 92L, 91L, 90L, 89L, 88L, 87L, 86L, 85L, 84L, 
83L, 82L, 81L, 80L, 79L, 78L, 77L, 76L, 75L, 74L, 73L, 72L, 71L, 
70L, 69L, 68L, 67L, 66L, 65L, 64L, 63L, 62L, 61L, 60L, 59L, 58L, 
57L, 56L, 55L, 54L, 53L, 52L, 51L, 50L, 49L, 48L, 47L, 46L, 45L, 
44L, 43L, 42L, 41L, 40L, 39L, 38L, 37L, 36L, 35L, 34L, 33L, 32L, 
31L, 30L, 29L, 28L, 27L, 26L, 25L, 24L, 23L, 22L, 21L, 20L, 19L, 
18L, 17L, 16L, 15L, 14L, 13L, 12L, 11L, 10L, 9L), .Label = c("1004516464", 
"1007536903", "1010425503", "1010949760", "1014347563", "1020635242", 
"1025071908", "1026757848", "868151680", "868892292", "878397924", 
"879792339", "880899910", "880907826", "882390064", "883771060", 
"883816209", "884278339", "884715614", "885089393", "885091727", 
"885131409", "885363560", "885388393", "885426168", "886756671", 
"886824040", "888575904", "888709020", "896526748", "907184749", 
"907557616", "910075498", "912067876", "914775433", "915262722", 
"917436155", "922384018", "924740838", "924819410", "932002114", 
"933103262", "933296144", "934088018", "934088041", "934305672", 
"936474234", "937135715", "937784751", "938293228", "938295793", 
"938391245", "938509419", "939114090", "939114107", "939156156", 
"939593376", "939896149", "939956624", "939956630", "939956639", 
"940147995", "940151708", "941535297", "941858980", "942248582", 
"942996539", "944830072", "945152305", "945269074", "946257848", 
"947484648", "948132461", "950317987", "950480166", "950577514", 
"951095870", "951146765", "954594015", "954857529", "955385153", 
"955470308", "955526720", "955690021", "959136101", "960184086", 
"962824933", "965337594", "967561678", "976735812", "978088624", 
"978889556", "981527117", "982044685", "982453260", "982614698", 
"987982360", "989827154", "990710040", "995552824"), class = "factor"), 
    url = structure(c(58L, 57L, 1L, 23L, 82L, 11L, 15L, 93L, 
    60L, 32L, 49L, 55L, 81L, 86L, 80L, 85L, 84L, 2L, 13L, 59L, 
    83L, 94L, 95L, 56L, 61L, 14L, 90L, 96L, 79L, 10L, 9L, 77L, 
    78L, 27L, 8L, 76L, 20L, 75L, 17L, 7L, 74L, 73L, 22L, 72L, 
    71L, 69L, 70L, 19L, 26L, 21L, 6L, 68L, 87L, 12L, 18L, 67L, 
    46L, 5L, 92L, 66L, 25L, 65L, 64L, 16L, 24L, 100L, 4L, 28L, 
    89L, 91L, 34L, 54L, 35L, 42L, 36L, 99L, 40L, 88L, 3L, 39L, 
    98L, 31L, 43L, 38L, 45L, 48L, 33L, 53L, 97L, 30L, 52L, 29L, 
    47L, 41L, 51L, 63L, 44L, 50L, 62L, 37L, 58L, 57L, 1L, 23L, 
    82L, 11L, 15L, 93L, 60L, 32L, 49L, 55L, 81L, 86L, 80L, 85L, 
    84L, 2L, 13L, 59L, 83L, 94L, 95L, 56L, 61L, 14L, 90L, 96L, 
    79L, 10L, 9L, 77L, 78L, 27L, 8L, 76L, 20L, 75L, 17L, 7L, 
    74L, 73L, 22L, 72L, 71L, 69L, 70L, 19L, 26L, 21L, 6L, 68L, 
    87L, 12L, 18L, 67L, 46L, 5L, 92L, 66L, 25L, 65L, 64L, 16L, 
    24L, 100L, 4L, 28L, 89L, 91L, 34L, 54L, 35L, 42L, 36L, 99L, 
    40L, 88L, 3L, 39L, 98L, 31L, 43L, 38L, 45L, 48L, 33L, 53L, 
    97L, 30L, 52L, 29L, 47L, 41L, 51L, 63L, 44L, 50L, 62L, 37L
    ), .Label = c("http://heraldkeeper.com/market/space-situational-awareness-ssa-market-grow-cagr-6-2024-199775.html", 
    "http://heraldkeeper.com/news/space-situational-awareness-ssa-market-2018-global-trend-segmentation-opportunities-forecast-2023-155576.html", 
    "http://meghalayatimes.info/index.php/front-page/42808-ssa-teachers-slam-sbi-for-forced-deductions", 
    "http://meghalayatimes.info/index.php/front-page/43380-mssasa-decries-delay-in-ssa-teacher-s-salary", 
    "http://meghalayatimes.info/index.php/front-page/43454-selsella-dadenggre-tikrikilla-deny-salaries-to-4th-ssa-teachers", 
    "http://meghalayatimes.info/index.php/front-page/43474-ayc-questions-disparity-in-salary-paid-to-ssa-4th-teacher", 
    "http://meghalayatimes.info/index.php/front-page/43550-to-intervene-for-early-clearance-of-pending-dues", 
    "http://meghalayatimes.info/index.php/front-page/43624-meghalaya-s-ssa-teachers-to-resort-to-mass-casual-leave", 
    "http://meghalayatimes.info/index.php/front-page/43634-govt-to-release-five-months-pending-dues-in-a-week", 
    "http://meghalayatimes.info/index.php/front-page/43672-state-moots-rs-78-crore-corpus-fund-for-ssa-implementation", 
    "http://meghalayatimes.info/index.php/front-page/44256-unpaid-salaries-to-4th-ssa-teachers-irks-ssasta-wz", 
    "http://risingkashmir.com/news/day-2-ssa-teachers-continue-hunger-strike", 
    "http://risingkashmir.com/news/genuine-demands-of-ssa-teachers-to-be-addressed-soon-govt", 
    "http://risingkashmir.com/news/govt-to-implement-7th-pc-for-ssa-teachers", 
    "http://risingkashmir.com/news/how-long-shall-ssa-teachers-suffer", 
    "http://risingkashmir.com/news/mir-urges-govt-to-fulfil-demands-of-ssa-teachers", 
    "http://risingkashmir.com/news/mlas-demand-regularization-of-ssa-teachers", 
    "http://risingkashmir.com/news/monga-urges-governor-to-fulfill-demands-of-ssa-teachers", 
    "http://risingkashmir.com/news/on-teachers-day-police-gifts-batons-to-protesting-ssa-teachers-", 
    "http://risingkashmir.com/news/pdp-urges-govt-to-fulfil-demands-of-ssa-teachers-", 
    "http://risingkashmir.com/news/rana-seeks-fulfillment-of-ssa-teachers-demands-earnestly", 
    "http://risingkashmir.com/news/resolve-all-genuine-issues-of-ssa-teachers-hakeem-", 
    "http://risingkashmir.com/news/sac-announces-bonanza-for-ssa-teachers-veterinarians", 
    "http://risingkashmir.com/news/ssa-teachers-begin-five-day-long-sit-in-protest", 
    "http://risingkashmir.com/news/ssa-teachers-conclude-5-day-long-sit-in-", 
    "http://risingkashmir.com/news/ssa-teachers-demands-under-consideration-govt", 
    "http://risingkashmir.com/news/ssa-teachers-hunger-strike-continues-for-17th-day-in-a-row", 
    "http://risingkashmir.com/news/ssa-teachers-politics-and-punishment", 
    "http://www.assamtribune.com/scripts/detailsnew.asp?id=jun0918%2Foth058", 
    "http://www.assamtribune.com/scripts/detailsnew.asp?id=jun1118%2Foth052", 
    "http://www.assamtribune.com/scripts/detailsnew.asp?id=jun1418%2Foth054", 
    "http://www.assamtribune.com/scripts/detailsnew.asp?id=nov1018%2Foth058", 
    "http://www.dailyexcelsior.com/cm-directs-immediate-release-of-rs-143-cr-for-paying-ssa-teachers-salaries/", 
    "http://www.dailyexcelsior.com/demonstrations-held-for-benefits-of-7th-pay-panel-to-ssa-teachers-de-linking-of-salary/", 
    "http://www.dailyexcelsior.com/denying-7th-pay-comm-to-ssa-ramsa-staff-unjustified-ejac/", 
    "http://www.dailyexcelsior.com/jkgtf-for-implementation-of-7th-pc-in-favour-of-ssa-rmsa-teachers/", 
    "http://www.dailyexcelsior.com/police-thrash-detain-ssa-teachers-in-srinagar/", 
    "http://www.dailyexcelsior.com/rs-143-cr-released-for-ssa-teachers/", 
    "http://www.dailyexcelsior.com/ssa-teachers-hold-protest-demand-implementation-of-7th-pay-commission/", 
    "http://www.dailyexcelsior.com/ssa-teachers-protest-demand-implementation-of-7th-pc/", 
    "http://www.dailyexcelsior.com/streamline-salary-ssa-teachers/", 
    "http://www.dailyexcelsior.com/tjac-protests-for-implementation-of-7th-pay-panel-de-linking-of-ssa-salary/", 
    "http://www.easternmirrornagaland.com/ancsu-puts-weight-behind-ssa-teachers/", 
    "http://www.easternmirrornagaland.com/mokokchung-students-appeal-for-early-solution-to-ssa-teachers-grievances/", 
    "http://www.easternmirrornagaland.com/orgs-extend-solidarity-to-ssa-teachers/", 
    "http://www.easternmirrornagaland.com/rmsa-ssa-clarify-appointment-order/", 
