structure(list(ID = structure(c(14L, 13L, 12L, 11L, 10L, 9L, 
8L, 7L, 6L, 5L, 4L, 3L, 2L, 1L, 83L, 82L, 81L, 80L, 79L, 78L, 
77L, 76L, 75L, 74L, 73L, 72L, 71L, 70L, 69L, 68L, 67L, 66L, 65L, 
64L, 63L, 62L, 61L, 60L, 59L, 58L, 57L, 56L, 55L, 54L, 53L, 52L, 
51L, 50L, 49L, 48L, 47L, 46L, 45L, 44L, 43L, 42L, 41L, 40L, 39L, 
38L, 37L, 36L, 35L, 34L, 33L, 31L, 32L, 30L, 29L, 28L, 27L, 26L, 
25L, 24L, 23L, 22L, 21L, 20L, 19L, 18L, 17L, 16L, 15L), .Label = c("1000171356", 
"1000191073", "1000199660", "1000517124", "1013342098", "1013515252", 
"1013557816", "1013570206", "1013589357", "1013609073", "1013766870", 
"1013825809", "1014573667", "1029350279", "791373906", "797697965", 
"805228768", "805396990", "817306471", "817389745", "817910047", 
"850652177", "850681769", "850932229", "874042438", "874111928", 
"896331186", "896968488", "896975793", "896977043", "897019593", 
"897028553", "897110244", "897161182", "897227103", "897235826", 
"897241650", "897249779", "897273211", "897287059", "897311439", 
"898611223", "899027292", "899159328", "901575131", "901577764", 
"901591430", "901608256", "901826072", "909306837", "909907467", 
"909909406", "909915780", "909921611", "910251342", "910387891", 
"921240415", "936757280", "951273578", "951621784", "955457360", 
"955491040", "955871724", "955886584", "955944692", "955984247", 
"957767803", "957793643", "958069690", "966551986", "967322426", 
"967746165", "967837058", "967861280", "972830267", "979437399", 
"987516235", "987525648", "987556893", "987962548", "992977910", 
"993450385", "999353316"), class = "factor"), url = structure(c(11L, 
29L, 78L, 81L, 63L, 79L, 34L, 74L, 66L, 41L, 3L, 75L, 15L, 51L, 
80L, 54L, 67L, 9L, 64L, 53L, 71L, 82L, 26L, 58L, 21L, 22L, 83L, 
24L, 12L, 10L, 60L, 14L, 47L, 2L, 44L, 52L, 73L, 36L, 33L, 32L, 
55L, 57L, 5L, 38L, 62L, 50L, 13L, 30L, 23L, 72L, 37L, 8L, 56L, 
68L, 27L, 61L, 69L, 42L, 59L, 17L, 49L, 1L, 46L, 77L, 43L, 31L, 
76L, 16L, 48L, 45L, 25L, 6L, 4L, 18L, 20L, 35L, 28L, 70L, 65L, 
39L, 40L, 7L, 19L), .Label = c("http://www.asianage.com/india/all-india/010718/why-education-minister-its-cms-fault-and-should-apologise-says-suspended-teacher.html", 
"http://www.asianage.com/india/all-india/270918/teacher-suspended-after-students-were-made-to-sleep-on-roadside-in-bihar.html", 
"http://www.assamtribune.com/scripts/detailsnew.asp?id=nov2218%2Fat052", 
"http://www.business-standard.com/article/news-ians/tripura-university-teacher-suspended-for-violating-protocol-118052400971_1.html", 
"http://www.freepressjournal.in/headlines/maha-teacher-suspended-for-snipping-students-hair/1319719", 
"http://www.freepressjournal.in/headlines/tripura-university-teacher-suspended-for-violating-protocol/1283177", 
"http://www.newindianexpress.com/nation/2018/jan/20/kanpur-teacher-suspended-after-slapping-student-40-times-for-not-completing-homework-1759766.html", 
"http://www.newindianexpress.com/nation/2018/jul/08/teacher-suspended-for-showing-movie-to-students-in-classroom-in-up-1840206.html", 
"http://www.newindianexpress.com/nation/2018/nov/06/punjab-fazilka-government-school-principal-teacher-suspended-in-girls-stripping-incident-1894959.html", 
"http://www.newindianexpress.com/states/andhra-pradesh/2018/sep/30/teacher-suspended-for-campaigning-for-andhra-pradesh-cm-k-chandrasekhar-rao-1878985.html", 
"http://www.newindianexpress.com/states/odisha/2018/dec/30/teacher-suspended-for-assaulting-students-1918313.html", 
"http://www.newindianexpress.com/states/telangana/2018/sep/30/teacher-suspended-for-campaigning-for-telangana-cm-k-chandrasekhar-rao-1878985.html", 
"http://www.sify.com/news/barberic-penalty-maharashtra-teacher-suspended-for-snipping-students-hair-news-others-shvpUSebjgeff.html", 
"http://www.sify.com/news/bihar-students-made-to-sleep-on-street-teacher-suspended-news-national-sj1p0Fdbcggcg.html", 
"http://www.sify.com/news/delhi-teacher-suspended-for-taking-head-massage-from-students-news-others-slvxqNhdgbide.html", 
"http://www.sify.com/news/education-minister-apologised-to-me-suspended-uttarakhand-teacher-news-national-sg4vaAehaehae.html", 
"http://www.sify.com/news/suspended-ukhand-teacher-asks-chief-minister-to-apologise-news-national-shbnrDigjgjfa.html", 
"http://www.sify.com/news/tamil-nadu-teacher-suspended-for-luring-students-into-giving-sexual-favours-to-university-officials-news-national-seqrzxaeheihj.html", 
"http://www.thehindu.com/news/cities/bangalore/teacher-suspended-for-slapping-student/article22413389.ece", 
"http://www.thehindu.com/news/national/tamil-nadu/college-teacher-lures-girl-students-suspended/article23553416.ece", 
"https://article.wn.com/view/2018/10/12/Teacher_who_recounted_Trump_aide_eating_glue_as_a_child_is_s_bt/", 
"https://article.wn.com/view/2018/10/12/Teacher_who_recounted_Trump_aide_eating_glue_as_a_child_is_s_o/", 
"https://indianexpress.com/article/cities/lucknow/uttar-pradesh-govt-teacher-shows-students-movie-on-phone-suspended-5251505/", 
"https://indianexpress.com/article/education/delhi-teacher-suspended-for-placing-hindu-muslim-boys-in-different-classes-5396568/", 
"https://indianexpress.com/article/india/trivendra-singh-rawat-school-principal-transfer-uttarakhand-cm-5238838/", 
"https://indianexpress.com/article/north-east-india/manipur/jail-staff-head-warden-suspended-for-cuffing-manipur-university-teacher-during-medical-checkup-5408108/", 
"https://scroll.in/article/885031/political-meddling-is-to-blame-for-bad-deal-suspended-uttarakhand-teacher-and-her-students-have-got", 
"https://scroll.in/latest/869507/gurugram-class-7-student-suspended-after-allegedly-threatening-to-rape-teacher-her-daughter", 
"https://scroll.in/video/905025/watch-a-gurugram-teacher-was-suspended-for-allegedly-putting-tape-across-students-mouths", 
"https://timesofindia.indiatimes.com/city/chennai/tn-govt-school-teacher-suspended-for-using-inappropriate-language-in-classrooms/articleshow/65068622.cms", 
"https://timesofindia.indiatimes.com/city/dehradun/govt-teacher-suspended-by-cm-rawat-to-move-high-court/articleshow/64808469.cms", 
"https://timesofindia.indiatimes.com/city/delhi/govt-teacher-suspended-for-graft-on-day-of-retirement/articleshow/65629978.cms", 
"https://timesofindia.indiatimes.com/city/gurgaon/boy-caned-for-15-minutes-english-teacher-suspended/articleshow/65893001.cms", 
"https://timesofindia.indiatimes.com/city/gurgaon/gurugram-teacher-tapes-mouths-of-2-primary-students-suspended/articleshow/67000496.cms", 
"https://timesofindia.indiatimes.com/city/madurai/students-told-to-give-sexual-favours-teacher-suspended/articleshow/63777090.cms", 
"https://timesofindia.indiatimes.com/city/meerut/meerut-teacher-suspended-for-sexually-harassing-class-ix-girl/articleshow/65892140.cms", 
"https://timesofindia.indiatimes.com/city/meerut/up-students-shown-movie-in-classroom-teacher-suspended/articleshow/64906233.cms", 
"https://timesofindia.indiatimes.com/city/pune/barberic-penalty-maharashtra-teacher-suspended-for-snipping-students-hair/articleshow/65081682.cms", 
"https://timesofindia.indiatimes.com/city/raipur/chhattisgarh-kv-teacher-suspended-for-making-obscene-remarks-on-nirbhaya/articleshow/62754997.cms", 
"https://timesofindia.indiatimes.com/city/raipur/kv-suspends-teacher-for-nirbhaya-remarks/articleshow/62749840.cms", 
"https://timesofindia.indiatimes.com/city/varanasi/teacher-makes-students-clean-her-car-suspended/articleshow/66995961.cms", 
"https://timesofindia.indiatimes.com/home/education/news/suspended-ukhand-teacher-asks-chief-minister-to-apologise/articleshow/64814626.cms", 
"https://timesofindia.indiatimes.com/india/suspended-by-uttarakhand-cm-rawat-teacher-to-move-high-court/articleshow/64811048.cms", 
"https://www.aninews.in/news/bihar-students-made-to-sleep-on-street-teacher-suspended201809271300570001/", 
"https://www.aninews.in/news/education-minister-apologised-to-me-suspended-uttarakhand-teacher201806302024330003/", 
"https://www.aninews.in/news/suspended-ukhand-teacher-asks-chief-minister-to-apologise201807011211070001/", 
