structure(list(ID = structure(c(4L, 3L, 2L, 1L, 39L, 38L, 37L, 
36L, 35L, 34L, 32L, 33L, 31L, 30L, 29L, 28L, 27L, 26L, 25L, 24L, 
23L, 22L, 21L, 20L, 19L, 18L, 17L, 16L, 15L, 14L, 13L, 12L, 11L, 
10L, 9L, 8L, 7L, 6L, 5L), .Label = c("1007033316", "1019849673", 
"1024085838", "1024112109", "790355015", "792046335", "806007829", 
"813302379", "821623142", "836523722", "836586563", "839277868", 
"841705829", "841717077", "841750857", "841903035", "849158848", 
"854097018", "854108590", "864583196", "866440570", "878397925", 
"890031124", "906130951", "928760812", "938334860", "939697804", 
"960886579", "960946215", "967060998", "967091766", "967187870", 
"967187873", "967331878", "967539750", "967539767", "973953431", 
"982453260", "999353320"), class = "factor"), url = structure(c(31L, 
38L, 32L, 24L, 39L, 23L, 33L, 21L, 22L, 19L, 20L, 18L, 16L, 17L, 
15L, 14L, 3L, 9L, 37L, 27L, 10L, 5L, 35L, 26L, 11L, 30L, 13L, 
4L, 1L, 6L, 29L, 2L, 34L, 28L, 12L, 7L, 8L, 36L, 25L), .Label = c("http://indianexpress.com/article/world/uk-teachers-union-warns-against-hijab-ban-5118592/", 
"http://pib.nic.in/newsite/PrintRelease.aspx?relid=178064", "http://pib.nic.in/newsite/PrintRelease.aspx?relid=183264", 
"http://www.asianage.com/world/europe/010418/uk-teachers-union-warns-against-hijab-ban.html", 
"http://www.easternmirrornagaland.com/teachers-union-condemn-harassment-against-member/", 
"http://www.financialexpress.com/world-news/uk-teachers-union-warns-against-hijab-ban/1117038/", 
"http://www.firstpost.com/india/compulsory-attendance-at-jnu-students-union-and-teachers-association-must-shed-their-elitism-4352081.html", 
"http://www.newindianexpress.com/nation/2018/feb/03/join-campaign-to-sensitise-people-on-climate-change-union-minister-harsh-vardhan-to-teachers-1767766.html", 
"http://www.newindianexpress.com/nation/2018/sep/03/jnu-teachers-complain-to-union-minister-prakash-javadekar-against-jnuta-1867114.html", 
"http://www.newindianexpress.com/states/kerala/2018/jun/19/kerala-higher-secondary-teachers-union-demands-re-examination-of-plus-two-say-examination-1830412.html", 
"http://www.sify.com/news/us-teachers-union-drops-wells-fargo-over-gun-industry-ties-news-international-sevmGDhabjgec.html", 
"http://www.thehindu.com/news/cities/Delhi/du-teachers-union-to-intensify-agitation/article22872253.ece", 
"http://www.thehindu.com/news/cities/Tiruchirapalli/panchayat-union-teachers-on-campaign-trail/article23521327.ece", 
"https://article.wn.com/view/2018/10/03/Teachers_union_sues_student_loan_servicer_Navient_8z/", 
"https://article.wn.com/view/2018/10/04/Teachers_union_sues_student_loan_servicer_Navient_c/", 
"https://article.wn.com/view/2018/10/11/Delaware_teachers_union_head_resigns_over_old_blog_posts_p/", 
"https://article.wn.com/view/2018/10/11/Delaware_teachers_union_head_resigns_over_old_blog_posts_s/", 
"https://article.wn.com/view/2018/10/11/Delaware_teachers_union_head_resigns_over_old_blog_posts_uf/", 
"https://article.wn.com/view/2018/10/11/Delaware_teachers_union_president_resigns_after_sexist_racis_k/", 
"https://article.wn.com/view/2018/10/11/Delaware_teachers_union_president_resigns_after_sexist_racis/", 
"https://article.wn.com/view/2018/10/11/teachers_union_head_aposs_next_steps_unclear_after_blog_post/", 
"https://article.wn.com/view/2018/10/12/Delaware_teachers_union_president_resigns_after_sexist_racis/", 
"https://indianexpress.com/article/education/ssa-rmsa-teachers-stir-10-union-leaders-transferred-villagers-lock-schools-in-mansa-5426261/", 
"https://swarajyamag.com/insta/swami-vivekananda-at-jnu-students-union-teachers-up-in-arms-question-source-of-funding-for-proposed-statue", 
"https://timesofindia.indiatimes.com/city/chandigarh/swachh-video-teachers-union-demands-fir-against-bjp-leader/articleshow/62421287.cms", 
"https://timesofindia.indiatimes.com/city/coimbatore/members-of-teachers-union-condemn-preventive-arrests-stage-protest/articleshow/64086742.cms", 
"https://timesofindia.indiatimes.com/city/coimbatore/univ-teachers-association-expels-prez-for-anti-union-activities/articleshow/65001854.cms", 
"https://timesofindia.indiatimes.com/city/mumbai/teachers-union-asks-mumbai-varsity-to-reschedule-exams/articleshow/63419485.cms", 
"https://timesofindia.indiatimes.com/world/uk/uk-teachers-union-warns-against-hijab-ban/articleshow/63557672.cms", 
"https://www.aninews.in/news/us-teachers-union-drops-wells-fargo-over-gun-industry-ties201804211218350001/", 
"https://www.business-standard.com/article/pti-stories/delegations-of-jnu-teachers-association-students-union-meet-mps-118122101251_1.html", 
"https://www.business-standard.com/article/pti-stories/jnu-admin-accuses-teachers-association-students-union-of-running-misinformation-campaign-118121600604_1.html", 
"https://www.dnaindia.com/delhi/report-delhi-university-teachers-union-demand-pay-hike-2677120", 
"https://www.hindustantimes.com/mumbai-news/teachers-union-asks-mumbai-varsity-to-reschedule-semester-exams/story-yhTeerd7wCFt6ULd8SJF6L.html", 
"https://www.indiatoday.in/india/story/rti-replies-show-union-government-clueless-about-bogus-teachers-1231936-2018-05-11", 
"https://www.indiatoday.in/magazine/opinion/saumitra-chaudhuri/story/19700101-null-1097220-2017-11-30", 
"https://www.investing.com/news/world-news/freed-mexico-teachers-union-boss-attacks-education-reforms-1580855", 
"https://www.latestly.com/agency-news/dl-jnuta-mps-delegations-of-jnu-teachers-association-students-union-meet-mps-553041.html", 
"https://www.thehindu.com/news/cities/Delhi/teachers-union-slams-jnu-administration/article25552624.ece"
), class = "factor"), details = list(list(), list(), list(), 
    list(), list(), list(), list(), list(), list(), list(), list(), 
    list(), list(), list(), list(), list(), list(), list(), list(), 
    list(), list(), list(), list(), list(), list(), list(), list(), 
    list(), list(), list(), list(), list(), list(), list(), list(), 
    list(), list(), list(), list())), row.names = c(NA, -39L), class = "data.frame")
