structure(list(ID = structure(c(11L, 10L, 9L, 8L, 7L, 6L, 5L, 
4L, 3L, 2L, 1L, 100L, 99L, 98L, 97L, 96L, 95L, 94L, 93L, 92L, 
91L, 90L, 89L, 88L, 87L, 86L, 85L, 84L, 83L, 82L, 81L, 80L, 79L, 
78L, 77L, 76L, 75L, 74L, 73L, 72L, 71L, 70L, 69L, 68L, 67L, 66L, 
65L, 64L, 63L, 62L, 61L, 60L, 59L, 58L, 57L, 54L, 56L, 55L, 53L, 
52L, 51L, 50L, 49L, 48L, 47L, 46L, 45L, 44L, 43L, 42L, 41L, 40L, 
39L, 38L, 37L, 36L, 35L, 34L, 33L, 32L, 31L, 30L, 29L, 28L, 27L, 
26L, 25L, 24L, 23L, 22L, 21L, 20L, 19L, 18L, 17L, 16L, 15L, 14L, 
13L, 12L, 11L, 10L, 9L, 8L, 7L, 6L, 5L, 4L, 3L, 2L, 1L, 100L, 
99L, 98L, 97L, 96L, 95L, 94L, 93L, 92L, 91L, 90L, 89L, 88L, 87L, 
86L, 85L, 84L, 83L, 82L, 81L, 80L, 79L, 78L, 77L, 76L, 75L, 74L, 
73L, 72L, 71L, 70L, 69L, 68L, 67L, 66L, 65L, 64L, 63L, 62L, 61L, 
60L, 59L, 58L, 57L, 54L, 56L, 55L, 53L, 52L, 51L, 50L, 49L, 48L, 
47L, 46L, 45L, 44L, 43L, 42L, 41L, 40L, 39L, 38L, 37L, 36L, 35L, 
34L, 33L, 32L, 31L, 30L, 29L, 28L, 27L, 26L, 25L, 24L, 23L, 22L, 
21L, 20L, 19L, 18L, 17L, 16L, 15L, 14L, 13L, 12L), .Label = c("1000289121", 
"1001065061", "1004410158", "1004835525", "1016297753", "1017955826", 
"1018188678", "1018198362", "1023323331", "1024430855", "1028069019", 
"786509023", "786509878", "786653728", "797567380", "811079187", 
"817072934", "818135134", "818381816", "824846939", "827161938", 
"830169817", "830277320", "834763089", "836434583", "843463997", 
"847498260", "848829503", "849415553", "853341433", "860447428", 
"865408338", "867461501", "870255608", "870301552", "870329302", 
"877851389", "878178436", "881404053", "888071168", "888218565", 
"888243331", "888341288", "888345106", "889100062", "889665112", 
"889840537", "890131414", "890141460", "890586550", "892304102", 
"892318490", "897095293", "899456093", "899929800", "899986382", 
"903834310", "904006815", "905712210", "905857632", "908629585", 
"909989035", "909992336", "909995334", "910068144", "910182709", 
"910387887", "910541108", "910672050", "911660915", "911976673", 
"912087622", "912137862", "917489403", "919573032", "920392770", 
"922400180", "922971260", "924032551", "926466199", "928728544", 
"929441692", "930148910", "950500710", "951193120", "951245065", 
"955515392", "957145229", "965675658", "966672807", "967625874", 
"968971140", "978027115", "981336937", "984173011", "991323930", 
"992131127", "993659456", "999861386", "999969354"), class = "factor"), 
    url = structure(c(73L, 92L, 47L, 21L, 63L, 41L, 93L, 54L, 
    53L, 100L, 96L, 80L, 50L, 55L, 58L, 94L, 17L, 45L, 84L, 26L, 
    46L, 24L, 87L, 48L, 15L, 40L, 49L, 68L, 39L, 69L, 6L, 98L, 
    59L, 44L, 25L, 51L, 97L, 20L, 66L, 60L, 99L, 61L, 65L, 8L, 
    81L, 22L, 14L, 88L, 29L, 79L, 91L, 43L, 57L, 56L, 95L, 10L, 
    75L, 82L, 7L, 30L, 78L, 90L, 85L, 42L, 62L, 34L, 13L, 19L, 
    64L, 67L, 12L, 83L, 89L, 16L, 27L, 23L, 86L, 36L, 4L, 71L, 
    28L, 72L, 74L, 52L, 37L, 35L, 31L, 1L, 3L, 33L, 2L, 32L, 
    38L, 76L, 5L, 70L, 77L, 11L, 9L, 18L, 73L, 92L, 47L, 21L, 
    63L, 41L, 93L, 54L, 53L, 100L, 96L, 80L, 50L, 55L, 58L, 94L, 
    17L, 45L, 84L, 26L, 46L, 24L, 87L, 48L, 15L, 40L, 49L, 68L, 
    39L, 69L, 6L, 98L, 59L, 44L, 25L, 51L, 97L, 20L, 66L, 60L, 
    99L, 61L, 65L, 8L, 81L, 22L, 14L, 88L, 29L, 79L, 91L, 43L, 
    57L, 56L, 95L, 10L, 75L, 82L, 7L, 30L, 78L, 90L, 85L, 42L, 
    62L, 34L, 13L, 19L, 64L, 67L, 12L, 83L, 89L, 16L, 27L, 23L, 
    86L, 36L, 4L, 71L, 28L, 72L, 74L, 52L, 37L, 35L, 31L, 1L, 
    3L, 33L, 2L, 32L, 38L, 76L, 5L, 70L, 77L, 11L, 9L, 18L), .Label = c("http://indianexpress.com/article/cities/ludhiana/teachers-not-impressed-from-april-biometric-attendance-for-teachers-in-900-government-schools-5104052/", 
    "http://www.asianage.com/metros/mumbai/080318/kem-staff-wants-end-to-biometric-attendance.html", 
    "http://www.asianage.com/metros/mumbai/130318/biometric-attendance-dents-civic-staffs-pay.html", 
    "http://www.asianage.com/metros/mumbai/140518/jr-colleges-to-start-with-biometric-attendance-for-all.html", 
    "http://www.asianage.com/metros/mumbai/210218/now-biometric-attendance-for-bmc-corporators.html", 
    "http://www.asianage.com/metros/mumbai/210818/state-to-inspect-colleges-biometric-attendance-system.html", 
    "http://www.assamtribune.com/scripts/detailsnew.asp?id=jul0118%2Foth061", 
    "http://www.assamtribune.com/scripts/detailsnew.asp?id=jul2318%2Foth053", 
    "http://www.business-standard.com/article/news-ians/biometric-attendance-compulsory-for-kerala-secretariat-staff-118010100232_1.html", 
    "http://www.dailyexcelsior.com/biometric-attendance-yields-results/", 
    "http://www.deccanherald.com/content/651272/govt-suggests-aadhaar-linked-biometric.html", 
    "http://www.dnaindia.com/mumbai/report-biometric-attendance-in-maharashtra-junior-colleges-starts-this-year-2625847", 
    "http://www.dnaindia.com/mumbai/report-mumbai-junior-colleges-upset-with-biometric-attendance-rule-2626431", 
    "http://www.easternmirrornagaland.com/aadhaar-enabled-biometric-attendance-system-introduced-in-tripura/", 
    "http://www.easternmirrornagaland.com/biometric-attendance-system-installed-in-water-resource-dept/", 
    "http://www.easternmirrornagaland.com/industries-department-launches-biometric-attendance-system/", 
    "http://www.easternmirrornagaland.com/treasuries-and-accounts-department-installs-biometric-attendance-system/", 
    "http://www.financialexpress.com/india-news/biometric-attendance-compulsory-for-kerala-secretariat-staff/997229/", 
    "http://www.freepressjournal.in/mumbai/mumbai-now-biometric-attendance-for-junior-college-students-in-science-stream/1297643", 
    "http://www.newindianexpress.com/cities/chennai/2018/aug/02/biometric-attendance-introduced-at-government-school-at-arakkonam-1851986.html", 
    "http://www.newindianexpress.com/cities/chennai/2018/dec/14/biometric-attendance-for-73-lakh-appearing-for-rpf-examinations-1911308.html", 
    "http://www.newindianexpress.com/cities/hyderabad/2018/jul/22/jntuh-exempts-some-faculty-from-mandatory-biometric-attendance-1846891.html", 
    "http://www.newindianexpress.com/cities/thiruvananthapuram/2018/may/18/biometric-attendance-in-all-kerala-offices-by-october-end-says-cm-pinarayi-vijayan-1816077.html", 
    "http://www.newindianexpress.com/states/andhra-pradesh/2018/oct/11/biometric-attendance-at-rythu-bazaars-soon-1884003.html", 
    "http://www.newindianexpress.com/states/karnataka/2018/aug/10/karnataka-schools-for-special-kids-likely-to-have-biometric-attendance-1855697.html", 
    "http://www.newindianexpress.com/states/kerala/2018/oct/14/vigilance-offices-to-be-equipped-with-biometric-attendance-system-1885172.html", 
    "http://www.newindianexpress.com/states/tamil-nadu/2018/may/31/tamil-nadu-government-schools-to-have-biometric-attendance-1821730.html", 
    "http://www.newindianexpress.com/states/telangana/2018/may/02/pharmacy-colleges-want-jntuh-to-relax-biometric-attendance-norms-relaxed-1809011.html", 
    "http://www.sify.com/news/aadhaar-enabled-biometric-attendance-system-introduced-in-tripura-news-others-shvtqUedahefb.html", 
    "http://www.sify.com/news/biometric-attendance-now-compulsory-in-j-k-govt-offices-news-national-sgxaiuibdajbe.html", 
    "http://www.thehindu.com/news/cities/bangalore/bbmp-saves-250-crore-with-biometric-attendance/article23323841.ece", 
    "http://www.thehindu.com/news/cities/mumbai/biometric-attendance-kem-dean-writes-to-bmc/article22926180.ece", 
    "http://www.thehindu.com/news/cities/mumbai/bmc-engineers-protest-biometric-attendance/article23166119.ece", 
    "http://www.thehindu.com/news/cities/mumbai/now-biometric-attendance-for-corporators/article24195784.ece", 
    "http://www.thehindu.com/news/cities/Visakhapatnam/biometric-attendance-system-for-anganwadi-workers/article23428380.ece", 
    "http://www.thehindu.com/news/national/kerala/biometric-attendance-by-october-says-cm/article23919465.ece", 
