structure(list(ID = structure(c(19L, 18L, 17L, 16L, 15L, 14L, 
13L, 12L, 11L, 10L, 9L, 8L, 7L, 6L, 5L, 4L, 3L, 2L, 1L, 100L, 
99L, 98L, 97L, 96L, 95L, 94L, 93L, 92L, 91L, 90L, 89L, 88L, 87L, 
86L, 85L, 84L, 83L, 82L, 81L, 80L, 79L, 78L, 77L, 76L, 75L, 74L, 
73L, 72L, 71L, 70L, 69L, 68L, 67L, 66L, 65L, 64L, 63L, 62L, 61L, 
60L, 59L, 58L, 57L, 56L, 55L, 54L, 53L, 52L, 51L, 50L, 49L, 48L, 
47L, 46L, 45L, 44L, 43L, 42L, 41L, 40L, 39L, 38L, 37L, 36L, 35L, 
34L, 33L, 32L, 31L, 30L, 29L, 28L, 27L, 26L, 25L, 24L, 23L, 22L, 
21L, 20L, 19L, 18L, 17L, 16L, 15L, 14L, 13L, 12L, 11L, 10L, 9L, 
8L, 7L, 6L, 5L, 4L, 3L, 2L, 1L, 100L, 99L, 98L, 97L, 96L, 95L, 
94L, 93L, 92L, 91L, 90L, 89L, 88L, 87L, 86L, 85L, 84L, 83L, 82L, 
81L, 80L, 79L, 78L, 77L, 76L, 75L, 74L, 73L, 72L, 71L, 70L, 69L, 
68L, 67L, 66L, 65L, 64L, 63L, 62L, 61L, 60L, 59L, 58L, 57L, 56L, 
55L, 54L, 53L, 52L, 51L, 50L, 49L, 48L, 47L, 46L, 45L, 44L, 43L, 
42L, 41L, 40L, 39L, 38L, 37L, 36L, 35L, 34L, 33L, 32L, 31L, 30L, 
29L, 28L, 27L, 26L, 25L, 24L, 23L, 22L, 21L, 20L), .Label = c("1000255166", 
"1001329259", "1002861399", "1003642202", "1008312961", "1008349720", 
"1011188552", "1011197257", "1011583071", "1011585973", "1018228279", 
"1019118536", "1020452773", "1021802815", "1023572331", "1024380166", 
"1027328107", "1028627055", "1030038873", "889207843", "889685987", 
"891703581", "891796686", "894379835", "895783790", "896786408", 
"897573945", "900017828", "900452721", "900798616", "901414159", 
"903344852", "903352132", "903999408", "912954163", "913677772", 
"914377111", "915397799", "917497223", "918863518", "918866639", 
"920338976", "920418123", "924573718", "925952162", "927129643", 
"929365467", "929488438", "931655161", "933826718", "933849816", 
"934188663", "934233849", "935022703", "935104892", "935107766", 
"936763333", "937674994", "938486508", "939241652", "939696336", 
"943186289", "943208833", "943228626", "943231605", "943852721", 
"947084831", "947288653", "947991784", "949731392", "953849560", 
"956747729", "956871175", "958462351", "959366355", "959975199", 
"959985184", "960006029", "960037430", "960040938", "960056927", 
"960126782", "962781472", "964001923", "966729225", "968184413", 
"973789494", "974030241", "976340226", "976391093", "977904032", 
"981526209", "984947599", "987559925", "987937764", "990231281", 
"991615486", "993725967", "996396996", "999001989"), class = "factor"), 
    url = structure(c(90L, 58L, 51L, 66L, 60L, 62L, 50L, 49L, 
    20L, 29L, 43L, 74L, 35L, 81L, 14L, 48L, 87L, 67L, 85L, 52L, 
    26L, 21L, 64L, 84L, 31L, 88L, 80L, 22L, 19L, 24L, 63L, 16L, 
    97L, 86L, 30L, 61L, 27L, 57L, 42L, 41L, 40L, 37L, 38L, 39L, 
    10L, 91L, 83L, 93L, 6L, 17L, 100L, 54L, 8L, 9L, 73L, 34L, 
    33L, 72L, 36L, 23L, 32L, 44L, 70L, 77L, 76L, 46L, 13L, 1L, 
    75L, 65L, 7L, 12L, 94L, 53L, 4L, 11L, 55L, 28L, 56L, 47L, 
    5L, 69L, 59L, 95L, 92L, 18L, 96L, 71L, 2L, 98L, 68L, 99L, 
    45L, 79L, 89L, 78L, 15L, 3L, 82L, 25L, 90L, 58L, 51L, 66L, 
    60L, 62L, 50L, 49L, 20L, 29L, 43L, 74L, 35L, 81L, 14L, 48L, 
    87L, 67L, 85L, 52L, 26L, 21L, 64L, 84L, 31L, 88L, 80L, 22L, 
    19L, 24L, 63L, 16L, 97L, 86L, 30L, 61L, 27L, 57L, 42L, 41L, 
    40L, 37L, 38L, 39L, 10L, 91L, 83L, 93L, 6L, 17L, 100L, 54L, 
    8L, 9L, 73L, 34L, 33L, 72L, 36L, 23L, 32L, 44L, 70L, 77L, 
    76L, 46L, 13L, 1L, 75L, 65L, 7L, 12L, 94L, 53L, 4L, 11L, 
    55L, 28L, 56L, 47L, 5L, 69L, 59L, 95L, 92L, 18L, 96L, 71L, 
    2L, 98L, 68L, 99L, 45L, 79L, 89L, 78L, 15L, 3L, 82L, 25L), .Label = c("http://www.asianage.com/metros/mumbai/290818/students-can-no-longer-cancel-admissions-warns-education-department.html", 
    "http://www.dnaindia.com/jaipur/report-rajasthan-women-above-40-yrs-not-fit-to-boil-milk-says-education-department-order-2634638", 
    "http://www.dnaindia.com/mumbai/report-coaching-bill-education-department-two-out-of-seven-queries-in-rti-reply-2627852", 
    "http://www.dnaindia.com/mumbai/report-education-department-to-rap-mumbai-s-junior-colleges-without-bio-metric-attendance-2650395", 
    "http://www.dnaindia.com/mumbai/report-schools-not-sharing-account-audits-with-education-department-yuva-sena-2644583", 
    "http://www.easternmirrornagaland.com/nsf-wants-mess-in-education-department-swept-out/", 
    "http://www.freepressjournal.in/latest-news/bhopal-merger-of-adhyapaks-into-education-department-begins/1342624", 
    "http://www.freepressjournal.in/mumbai/mumbai-fyjc-admissions-education-department-to-start-third-fcfs-round-after-september-23/1356044", 
    "http://www.freepressjournal.in/mumbai/mumbai-fyjc-admissions-state-education-department-plans-to-hold-3rd-fcfs-round-16000-seats-quota-still-vacant/1353734", 
    "http://www.freepressjournal.in/mumbai/mumbai-fyjc-admissions-state-education-department-wraps-up-final-fcfs-round-around-2800-students-secure-seats/1366713", 
    "http://www.newindianexpress.com/cities/bengaluru/2018/aug/14/karnataka-education-department-submits-status-report-1857604.html", 
    "http://www.newindianexpress.com/cities/bengaluru/2018/aug/22/education-department-to-take-over-illegal-construction-at-government-arts-college-1861125.html", 
    "http://www.newindianexpress.com/cities/bengaluru/2018/aug/29/education-department-to-seek-closure-of-low-demand-streams-in-engineering-1864364.html", 
    "http://www.newindianexpress.com/cities/bengaluru/2018/dec/01/twelve-ias-officers-transferred-education-dept-gets-new-secy-1905737.html", 
    "http://www.newindianexpress.com/cities/bengaluru/2018/jun/22/ceo-seeks-report-on-poll-code-violation-by-primary-education-department-1831876.html", 
    "http://www.newindianexpress.com/cities/bengaluru/2018/oct/20/education-department-proposes-kerala-model-of-right-to-education-1887501.html", 
    "http://www.newindianexpress.com/cities/bengaluru/2018/sep/19/karnataka-higher-education-department-officials-bypass-minister-gt-devegowda-in-issuing-order-files-1873974.html", 
    "http://www.newindianexpress.com/cities/delhi/2018/jul/12/delhi-commission-for-women-issues-notice-to-police-education-department-on-students-confinement-1842163.html", 
    "http://www.newindianexpress.com/cities/hyderabad/2018/oct/25/education-department-has-no-manpower-to-check-quality-of-cbse-schools-in-hyderabad-1889812.html", 
    "http://www.newindianexpress.com/cities/thiruvananthapuram/2018/dec/14/higher-edu-dept-mulls-fixed-term-for-registrars-1911279.html", 
    "http://www.newindianexpress.com/cities/thiruvananthapuram/2018/nov/13/now-technical-education-department-officals-may-also-become-teachers-1897356.html", 
    "http://www.newindianexpress.com/cities/thiruvananthapuram/2018/oct/29/higher-education-department-bid-to-use-malayalam-missions-language-oath-courts-controversy-1891349.html", 
    "http://www.newindianexpress.com/cities/thiruvananthapuram/2018/sep/05/education-department-to-meet-to-discuss-loss-of-school-work-days-on-friday-1867623.html", 
    "http://www.newindianexpress.com/nation/2018/oct/23/government-withdraws-order-to-purchase-bhagwat-geeta-ramayana-books-by-education-department-1888986.html", 
    "http://www.newindianexpress.com/states/andhra-pradesh/2018/jun/18/andhra-pradesh-education-department-to-change-class-10-evaluation-pattern-due-to-gpa-manipulation-1829672.html", 
    "http://www.newindianexpress.com/states/andhra-pradesh/2018/nov/16/education-department-decides-to-allot-only-ap-government-schools-for-ssc-exams-private-managements-1898850.html", 
    "http://www.newindianexpress.com/states/andhra-pradesh/2018/oct/06/teachers-recruitment-notification-on-october-10-ap-education-department-1881705.html", 
    "http://www.newindianexpress.com/states/karnataka/2018/aug/07/karnataka-school-merger-education-department-identifies-14000-schools-1854435.html", 
    "http://www.newindianexpress.com/states/karnataka/2018/dec/05/not-a-file-moves-in-higher-edu-dept-sans-bribe-1907523.html", 
