structure(list(ID = structure(c(36L, 35L, 34L, 33L, 32L, 31L, 
30L, 29L, 28L, 27L, 26L, 25L, 24L, 23L, 22L, 21L, 20L, 19L, 18L, 
17L, 16L, 15L, 14L, 13L, 12L, 11L, 10L, 9L, 8L, 7L, 6L, 5L, 4L, 
3L, 2L, 1L, 100L, 99L, 98L, 97L, 96L, 95L, 94L, 93L, 92L, 91L, 
90L, 89L, 88L, 87L, 86L, 85L, 84L, 83L, 82L, 81L, 80L, 79L, 78L, 
77L, 76L, 75L, 74L, 73L, 72L, 71L, 70L, 69L, 68L, 67L, 66L, 65L, 
64L, 63L, 62L, 61L, 60L, 59L, 58L, 57L, 56L, 55L, 54L, 53L, 52L, 
51L, 50L, 49L, 48L, 47L, 46L, 45L, 44L, 43L, 41L, 42L, 40L, 39L, 
38L, 37L, 36L, 35L, 34L, 33L, 32L, 31L, 30L, 29L, 28L, 27L, 26L, 
25L, 24L, 23L, 22L, 21L, 20L, 19L, 18L, 17L, 16L, 15L, 14L, 13L, 
12L, 11L, 10L, 9L, 8L, 7L, 6L, 5L, 4L, 3L, 2L, 1L, 100L, 99L, 
98L, 97L, 96L, 95L, 94L, 93L, 92L, 91L, 90L, 89L, 88L, 87L, 86L, 
85L, 84L, 83L, 82L, 81L, 80L, 79L, 78L, 77L, 76L, 75L, 74L, 73L, 
72L, 71L, 70L, 69L, 68L, 67L, 66L, 65L, 64L, 63L, 62L, 61L, 60L, 
59L, 58L, 57L, 56L, 55L, 54L, 53L, 52L, 51L, 50L, 49L, 48L, 47L, 
46L, 45L, 44L, 43L, 41L, 42L, 40L, 39L, 38L, 37L, 36L, 35L, 34L, 
33L, 32L, 31L, 30L, 29L, 28L, 27L, 26L, 25L, 24L, 23L, 22L, 21L, 
20L, 19L, 18L, 17L, 16L, 15L, 14L, 13L, 12L, 11L, 10L, 9L, 8L, 
7L, 6L, 5L, 4L, 3L, 2L, 1L, 100L, 99L, 98L, 97L, 96L, 95L, 94L, 
93L, 92L, 91L, 90L, 89L, 88L, 87L, 86L, 85L, 84L, 83L, 82L, 81L, 
80L, 79L, 78L, 77L, 76L, 75L, 74L, 73L, 72L, 71L, 70L, 69L, 68L, 
67L, 66L, 65L, 64L, 63L, 62L, 61L, 60L, 59L, 58L, 57L, 56L, 55L, 
54L, 53L, 52L, 51L, 50L, 49L, 48L, 47L, 46L, 45L, 44L, 43L, 41L, 
42L, 40L, 39L, 38L, 37L), .Label = c("1000417618", "1001876161", 
"1001943749", "1001969978", "1004410699", "1005060271", "1005089621", 
"1006797541", "1006820580", "1007950613", "1008442816", "1008449946", 
"1010632733", "1012054955", "1014045961", "1016763933", "1017766537", 
"1017774948", "1017785599", "1018104100", "1020143067", "1021142972", 
"1021793536", "1021836977", "1021991386", "1022034631", "1022762148", 
"1022762359", "1022778519", "1022780368", "1023714332", "1025669239", 
"1026076933", "1026559879", "1026559931", "1026738802", "920256094", 
"921761539", "921817214", "921860708", "922540206", "922548341", 
"922573690", "922619606", "923952877", "924044156", "924428088", 
"924657419", "928125473", "932178268", "934834022", "935457420", 
"935487603", "937164662", "940063889", "941432425", "942532824", 
"944109538", "944663360", "945523308", "948516123", "948881540", 
"949847239", "950557181", "950609718", "951496037", "952353978", 
"953216957", "955003785", "956936485", "957267079", "957382529", 
"958606464", "959216314", "961002791", "961960896", "962387883", 
"962692247", "963965571", "964860381", "964883483", "965236451", 
"972358756", "976052030", "977359157", "980300454", "980669937", 
"982525997", "984171729", "985649095", "985786793", "985861152", 
"986195631", "986879704", "987897044", "987962548", "995552824", 
"995704618", "996769131", "998479351"), class = "factor"), url = structure(c(9L, 
55L, 34L, 63L, 29L, 49L, 32L, 72L, 97L, 71L, 80L, 47L, 90L, 51L, 
82L, 67L, 23L, 100L, 33L, 73L, 35L, 60L, 48L, 7L, 92L, 58L, 83L, 
18L, 26L, 54L, 57L, 81L, 17L, 8L, 22L, 59L, 25L, 41L, 50L, 16L, 
11L, 42L, 91L, 10L, 53L, 37L, 79L, 24L, 65L, 31L, 64L, 46L, 45L, 
5L, 89L, 70L, 19L, 69L, 27L, 40L, 68L, 52L, 74L, 66L, 84L, 6L, 
1L, 93L, 88L, 43L, 78L, 56L, 14L, 3L, 21L, 28L, 75L, 13L, 86L, 
61L, 98L, 20L, 39L, 2L, 85L, 38L, 30L, 4L, 36L, 77L, 96L, 12L, 
76L, 87L, 95L, 94L, 44L, 62L, 15L, 99L, 9L, 55L, 34L, 63L, 29L, 
49L, 32L, 72L, 97L, 71L, 80L, 47L, 90L, 51L, 82L, 67L, 23L, 100L, 
33L, 73L, 35L, 60L, 48L, 7L, 92L, 58L, 83L, 18L, 26L, 54L, 57L, 
81L, 17L, 8L, 22L, 59L, 25L, 41L, 50L, 16L, 11L, 42L, 91L, 10L, 
53L, 37L, 79L, 24L, 65L, 31L, 64L, 46L, 45L, 5L, 89L, 70L, 19L, 
69L, 27L, 40L, 68L, 52L, 74L, 66L, 84L, 6L, 1L, 93L, 88L, 43L, 
78L, 56L, 14L, 3L, 21L, 28L, 75L, 13L, 86L, 61L, 98L, 20L, 39L, 
2L, 85L, 38L, 30L, 4L, 36L, 77L, 96L, 12L, 76L, 87L, 95L, 94L, 
44L, 62L, 15L, 99L, 9L, 55L, 34L, 63L, 29L, 49L, 32L, 72L, 97L, 
71L, 80L, 47L, 90L, 51L, 82L, 67L, 23L, 100L, 33L, 73L, 35L, 
60L, 48L, 7L, 92L, 58L, 83L, 18L, 26L, 54L, 57L, 81L, 17L, 8L, 
22L, 59L, 25L, 41L, 50L, 16L, 11L, 42L, 91L, 10L, 53L, 37L, 79L, 
24L, 65L, 31L, 64L, 46L, 45L, 5L, 89L, 70L, 19L, 69L, 27L, 40L, 
68L, 52L, 74L, 66L, 84L, 6L, 1L, 93L, 88L, 43L, 78L, 56L, 14L, 
3L, 21L, 28L, 75L, 13L, 86L, 61L, 98L, 20L, 39L, 2L, 85L, 38L, 
30L, 4L, 36L, 77L, 96L, 12L, 76L, 87L, 95L, 94L, 44L, 62L, 15L, 
99L),