structure(list(ID = structure(c(35L, 34L, 33L, 32L, 31L, 30L, 
29L, 28L, 27L, 26L, 25L, 24L, 23L, 22L, 21L, 20L, 19L, 18L, 17L, 
16L, 15L, 14L, 13L, 12L, 11L, 10L, 9L, 8L, 7L, 6L, 5L, 4L, 3L, 
2L, 1L, 100L, 99L, 98L, 97L, 96L, 95L, 94L, 93L, 92L, 91L, 90L, 
89L, 88L, 87L, 86L, 85L, 84L, 83L, 82L, 81L, 80L, 79L, 78L, 77L, 
76L, 75L, 74L, 73L, 72L, 71L, 70L, 69L, 68L, 67L, 66L, 65L, 64L, 
63L, 62L, 61L, 60L, 59L, 58L, 57L, 56L, 55L, 54L, 53L, 52L, 51L, 
50L, 49L, 48L, 47L, 46L, 45L, 44L, 43L, 42L, 41L, 40L, 39L, 38L, 
37L, 36L, 35L, 34L, 33L, 32L, 31L, 30L, 29L, 28L, 27L, 26L, 25L, 
24L, 23L, 22L, 21L, 20L, 19L, 18L, 17L, 16L, 15L, 14L, 13L, 12L, 
11L, 10L, 9L, 8L, 7L, 6L, 5L, 4L, 3L, 2L, 1L, 100L, 99L, 98L, 
97L, 96L, 95L, 94L, 93L, 92L, 91L, 90L, 89L, 88L, 87L, 86L, 85L, 
84L, 83L, 82L, 81L, 80L, 79L, 78L, 77L, 76L, 75L, 74L, 73L, 72L, 
71L, 70L, 69L, 68L, 67L, 66L, 65L, 64L, 63L, 62L, 61L, 60L, 59L, 
58L, 57L, 56L, 55L, 54L, 53L, 52L, 51L, 50L, 49L, 48L, 47L, 46L, 
45L, 44L, 43L, 42L, 41L, 40L, 39L, 38L, 37L, 36L, 35L, 34L, 33L, 
32L, 31L, 30L, 29L, 28L, 27L, 26L, 25L, 24L, 23L, 22L, 21L, 20L, 
19L, 18L, 17L, 16L, 15L, 14L, 13L, 12L, 11L, 10L, 9L, 8L, 7L, 
6L, 5L, 4L, 3L, 2L, 1L, 100L, 99L, 98L, 97L, 96L, 95L, 94L, 93L, 
92L, 91L, 90L, 89L, 88L, 87L, 86L, 85L, 84L, 83L, 82L, 81L, 80L, 
79L, 78L, 77L, 76L, 75L, 74L, 73L, 72L, 71L, 70L, 69L, 68L, 67L, 
66L, 65L, 64L, 63L, 62L, 61L, 60L, 59L, 58L, 57L, 56L, 55L, 54L, 
53L, 52L, 51L, 50L, 49L, 48L, 47L, 46L, 45L, 44L, 43L, 42L, 41L, 
40L, 39L, 38L, 37L, 36L, 35L, 34L, 33L, 32L, 31L, 30L, 29L, 28L, 
27L, 26L, 25L, 24L, 23L, 22L, 21L, 20L, 19L, 18L, 17L, 16L, 15L, 
14L, 13L, 12L, 11L, 10L, 9L, 8L, 7L, 6L, 5L, 4L, 3L, 2L, 1L, 
100L, 99L, 98L, 97L, 96L, 95L, 94L, 93L, 92L, 91L, 90L, 89L, 
88L, 87L, 86L, 85L, 84L, 83L, 82L, 81L, 80L, 79L, 78L, 77L, 76L, 
75L, 74L, 73L, 72L, 71L, 70L, 69L, 68L, 67L, 66L, 65L, 64L, 63L, 
62L, 61L, 60L, 59L, 58L, 57L, 56L, 55L, 54L, 53L, 52L, 51L, 50L, 
49L, 48L, 47L, 46L, 45L, 44L, 43L, 42L, 41L, 40L, 39L, 38L, 37L, 
36L), .Label = c("1002227004", "1002729156", "1004410158", "1007291101", 
"1008206500", "1008223847", "1011749051", "1013943369", "1014558167", 
"1016298490", "1017179052", "1017264003", "1018018094", "1019928890", 
"1020056576", "1020755883", "1021458344", "1021960442", "1023091438", 
"1023323331", "1023481065", "1024430855", "1024509735", "1025121665", 
"1025163157", "1025296127", "1025623375", "1026682797", "1027709300", 
"1029347610", "1029396132", "1029539215", "1029852802", "1029880644", 
"1029973052", "939439671", "939945368", "940436331", "942669364", 
"942887461", "942992424", "944611701", "946053496", "946300856", 
"949383312", "949859104", "950515049", "951243048", "952589803", 
"952729521", "955259870", "955275456", "955280368", "955466242", 
"955505971", "955619663", "960491427", "963249594", "963410215", 
"963481379", "963493904", "963496311", "963499319", "963509198", 
"963532512", "963580025", "963583643", "963636561", "963640086", 
"963743678", "963767419", "964172864", "965651049", "968512860", 
"968785495", "969365902", "970260377", "973657377", "974491952", 
"976264184", "978054887", "982388285", "984054496", "984834285", 
"985013584", "985320760", "985666330", "987076135", "987407505", 
"987934470", "990710025", "991567273", "991780692", "992144276", 
"992148068", "992994371", "994611338", "995016000", "996760109", 
"996774218"), class = "factor"), url = structure(c(4L, 20L, 15L, 
99L, 32L, 71L, 35L, 43L, 65L, 46L, 97L, 44L, 84L, 90L, 85L, 36L, 
79L, 14L, 73L, 45L, 30L, 7L, 75L, 82L, 28L, 41L, 50L, 54L, 23L, 
47L, 8L, 33L, 42L, 81L, 39L, 49L, 6L, 1L, 95L, 48L, 31L, 59L, 
67L, 74L, 13L, 18L, 80L, 5L, 92L, 78L, 9L, 96L, 57L, 10L, 22L, 
83L, 27L, 66L, 12L, 37L, 100L, 58L, 51L, 77L, 17L, 91L, 72L, 
89L, 3L, 69L, 88L, 68L, 62L, 76L, 86L, 2L, 25L, 52L, 34L, 19L, 
21L, 94L, 63L, 60L, 24L, 40L, 53L, 93L, 11L, 87L, 64L, 61L, 16L, 
98L, 55L, 26L, 70L, 56L, 38L, 29L, 4L, 20L, 15L, 99L, 32L, 71L, 
35L, 43L, 65L, 46L, 97L, 44L, 84L, 90L, 85L, 36L, 79L, 14L, 73L, 
45L, 30L, 7L, 75L, 82L, 28L, 41L, 50L, 54L, 23L, 47L, 8L, 33L, 
42L, 81L, 39L, 49L, 6L, 1L, 95L, 48L, 31L, 59L, 67L, 74L, 13L, 
18L, 80L, 5L, 92L, 78L, 9L, 96L, 57L, 10L, 22L, 83L, 27L, 66L, 
12L, 37L, 100L, 58L, 51L, 77L, 17L, 91L, 72L, 89L, 3L, 69L, 88L, 
68L, 62L, 76L, 86L, 2L, 25L, 52L, 34L, 19L, 21L, 94L, 63L, 60L, 
24L, 40L, 53L, 93L, 11L, 87L, 64L, 61L, 16L, 98L, 55L, 26L, 70L, 
56L, 38L, 29L, 4L, 20L, 15L, 99L, 32L, 71L, 35L, 43L, 65L, 46L, 
97L, 44L, 84L, 90L, 85L, 36L, 79L, 14L, 73L, 45L, 30L, 7L, 75L, 
82L, 28L, 41L, 50L, 54L, 23L, 47L, 8L, 33L, 42L, 81L, 39L, 49L, 
6L, 1L, 95L, 48L, 31L, 59L, 67L, 74L, 13L, 18L, 80L, 5L, 92L, 
78L, 9L, 96L, 57L, 10L, 22L, 83L, 27L, 66L, 12L, 37L, 100L, 58L, 
51L, 77L, 17L, 91L, 72L, 89L, 3L, 69L, 88L, 68L, 62L, 76L, 86L, 
2L, 25L, 52L, 34L, 19L, 21L, 94L, 63L, 60L, 24L, 40L, 53L, 93L, 
11L, 87L, 64L, 61L, 16L, 98L, 55L, 26L, 70L, 56L, 38L, 29L, 4L, 
20L, 15L, 99L, 32L, 71L, 35L, 43L, 65L, 46L, 97L, 44L, 84L, 90L, 
85L, 36L, 79L, 14L, 73L, 45L, 30L, 7L, 75L, 82L, 28L, 41L, 50L, 
54L, 23L, 47L, 8L, 33L, 42L, 81L, 39L, 49L, 6L, 1L, 95L, 48L, 
31L, 59L, 67L, 74L, 13L, 18L, 80L, 5L, 92L, 78L, 9L, 96L, 57L, 
10L, 22L, 83L, 27L, 66L, 12L, 37L, 100L, 58L, 51L, 77L, 17L, 
91L, 72L, 89L, 3L, 69L, 88L, 68L, 62L, 76L, 86L, 2L, 25L, 52L, 
34L, 19L, 21L, 94L, 63L, 60L, 24L, 40L, 53L, 93L, 11L, 87L, 64L, 
61L, 16L, 98L, 55L, 26L, 70L, 56L, 38L, 29L),