structure(list(ID = structure(c(21L, 20L, 19L, 18L, 17L, 16L, 
15L, 14L, 13L, 22L, 12L, 11L, 10L, 9L, 8L, 7L, 6L, 5L, 4L, 3L, 
2L, 1L, 100L, 99L, 98L, 97L, 96L, 95L, 94L, 93L, 92L, 91L, 90L, 
89L, 88L, 87L, 86L, 85L, 84L, 83L, 82L, 81L, 80L, 79L, 78L, 77L, 
76L, 75L, 74L, 73L, 72L, 71L, 70L, 69L, 68L, 67L, 66L, 65L, 64L, 
62L, 63L, 61L, 60L, 59L, 58L, 57L, 56L, 55L, 54L, 53L, 52L, 51L, 
50L, 49L, 48L, 47L, 46L, 45L, 44L, 43L, 42L, 37L, 41L, 40L, 39L, 
38L, 36L, 35L, 34L, 33L, 32L, 31L, 30L, 29L, 28L, 27L, 26L, 25L, 
24L, 23L, 21L, 20L, 19L, 18L, 17L, 16L, 15L, 14L, 13L, 22L, 12L, 
11L, 10L, 9L, 8L, 7L, 6L, 5L, 4L, 3L, 2L, 1L, 100L, 99L, 98L, 
97L, 96L, 95L, 94L, 93L, 92L, 91L, 90L, 89L, 88L, 87L, 86L, 85L, 
84L, 83L, 82L, 81L, 80L, 79L, 78L, 77L, 76L, 75L, 74L, 73L, 72L, 
71L, 70L, 69L, 68L, 67L, 66L, 65L, 64L, 62L, 63L, 61L, 60L, 59L, 
58L, 57L, 56L, 55L, 54L, 53L, 52L, 51L, 50L, 49L, 48L, 47L, 46L, 
45L, 44L, 43L, 42L, 37L, 41L, 40L, 39L, 38L, 36L, 35L, 34L, 33L, 
32L, 31L, 30L, 29L, 28L, 27L, 26L, 25L, 24L, 23L, 21L, 20L, 19L, 
18L, 17L, 16L, 15L, 14L, 13L, 22L, 12L, 11L, 10L, 9L, 8L, 7L, 
6L, 5L, 4L, 3L, 2L, 1L, 100L, 99L, 98L, 97L, 96L, 95L, 94L, 93L, 
92L, 91L, 90L, 89L, 88L, 87L, 86L, 85L, 84L, 83L, 82L, 81L, 80L, 
79L, 78L, 77L, 76L, 75L, 74L, 73L, 72L, 71L, 70L, 69L, 68L, 67L, 
66L, 65L, 64L, 62L, 63L, 61L, 60L, 59L, 58L, 57L, 56L, 55L, 54L, 
53L, 52L, 51L, 50L, 49L, 48L, 47L, 46L, 45L, 44L, 43L, 42L, 37L, 
41L, 40L, 39L, 38L, 36L, 35L, 34L, 33L, 32L, 31L, 30L, 29L, 28L, 
27L, 26L, 25L, 24L, 23L), .Label = c("1009845313", "1010321135", 
"1011513325", "1012789763", "1014397730", "1014414716", "1015173143", 
"1018188699", "1018463739", "1021258434", "1021264843", "1022928979", 
"1023191071", "1023246367", "1023830351", "1024410128", "1024794686", 
"1025296134", "1025618359", "1026774837", "1029036739", "2018-12-1022935080", 
"928330288", "928825127", "928872281", "929159875", "930605525", 
"932033612", "932149826", "932266689", "933326434", "933908678", 
"934955017", "935754863", "935977919", "936619069", "937132081", 
"937674994", "937948858", "938324035", "938887377", "939807031", 
"939833539", "940245142", "940427916", "941071551", "941263740", 
"941691063", "941871852", "945198628", "945218021", "945251631", 
"945426484", "945493078", "945592823", "948152271", "950436478", 
"954586882", "954852507", "955241035", "955813605", "958850444", 
"958850722", "958859420", "959077080", "959877750", "959923312", 
"960921984", "962812267", "963093628", "963230185", "965379502", 
"965777228", "968900935", "971135153", "973092003", "974149297", 
"977447976", "977667043", "978013500", "979747081", "981364349", 
"981378173", "981493106", "983587977", "985045820", "985367035", 
"985659655", "987029199", "987525648", "987556893", "990257361", 
"993450385", "994590935", "994902348", "996357146", "996981434", 
"997557420", "998269385", "998662463"), class = "factor"), url = structure(c(91L, 
86L, 77L, 41L, 6L, 17L, 37L, 99L, 57L, 67L, 3L, 89L, 81L, 76L, 
47L, 98L, 20L, 95L, 83L, 8L, 85L, 74L, 33L, 66L, 53L, 93L, 40L, 
25L, 90L, 65L, 32L, 72L, 60L, 29L, 84L, 16L, 52L, 48L, 88L, 64L, 
31L, 15L, 46L, 43L, 61L, 54L, 24L, 45L, 19L, 9L, 30L, 7L, 1L, 
69L, 49L, 92L, 44L, 4L, 12L, 59L, 55L, 51L, 79L, 10L, 62L, 21L, 
34L, 97L, 87L, 11L, 68L, 71L, 58L, 35L, 42L, 23L, 100L, 27L, 
26L, 56L, 13L, 14L, 28L, 73L, 78L, 18L, 22L, 39L, 96L, 50L, 70L, 
94L, 5L, 82L, 63L, 75L, 80L, 38L, 36L, 2L, 91L, 86L, 77L, 41L, 
6L, 17L, 37L, 99L, 57L, 67L, 3L, 89L, 81L, 76L, 47L, 98L, 20L, 
95L, 83L, 8L, 85L, 74L, 33L, 66L, 53L, 93L, 40L, 25L, 90L, 65L, 
32L, 72L, 60L, 29L, 84L, 16L, 52L, 48L, 88L, 64L, 31L, 15L, 46L, 
43L, 61L, 54L, 24L, 45L, 19L, 9L, 30L, 7L, 1L, 69L, 49L, 92L, 
44L, 4L, 12L, 59L, 55L, 51L, 79L, 10L, 62L, 21L, 34L, 97L, 87L, 
11L, 68L, 71L, 58L, 35L, 42L, 23L, 100L, 27L, 26L, 56L, 13L, 
14L, 28L, 73L, 78L, 18L, 22L, 39L, 96L, 50L, 70L, 94L, 5L, 82L, 
63L, 75L, 80L, 38L, 36L, 2L, 91L, 86L, 77L, 41L, 6L, 17L, 37L, 
99L, 57L, 67L, 3L, 89L, 81L, 76L, 47L, 98L, 20L, 95L, 83L, 8L, 
85L, 74L, 33L, 66L, 53L, 93L, 40L, 25L, 90L, 65L, 32L, 72L, 60L, 
29L, 84L, 16L, 52L, 48L, 88L, 64L, 31L, 15L, 46L, 43L, 61L, 54L, 
24L, 45L, 19L, 9L, 30L, 7L, 1L, 69L, 49L, 92L, 44L, 4L, 12L, 
59L, 55L, 51L, 79L, 10L, 62L, 21L, 34L, 97L, 87L, 11L, 68L, 71L, 
58L, 35L, 42L, 23L, 100L, 27L, 26L, 56L, 13L, 14L, 28L, 73L, 
78L, 18L, 22L, 39L, 96L, 50L, 70L, 94L, 5L, 82L, 63L, 75L, 80L, 
38L, 36L, 2L),