structure(list(ID = structure(c(32L, 31L, 30L, 29L, 28L, 27L, 
26L, 25L, 24L, 23L, 22L, 21L, 20L, 19L, 18L, 17L, 16L, 15L, 14L, 
13L, 12L, 11L, 10L, 9L, 8L, 7L, 6L, 5L, 4L, 3L, 2L, 1L, 100L, 
99L, 98L, 97L, 96L, 95L, 94L, 93L, 92L, 91L, 90L, 89L, 88L, 87L, 
86L, 85L, 84L, 83L, 82L, 81L, 80L, 79L, 78L, 77L, 76L, 75L, 74L, 
73L, 72L, 71L, 70L, 69L, 68L, 67L, 66L, 65L, 64L, 63L, 62L, 61L, 
60L, 59L, 58L, 57L, 56L, 55L, 54L, 53L, 52L, 51L, 50L, 49L, 48L, 
47L, 46L, 45L, 44L, 43L, 42L, 41L, 40L, 39L, 38L, 37L, 36L, 35L, 
34L, 33L, 32L, 31L, 30L, 29L, 28L, 27L, 26L, 25L, 24L, 23L, 22L, 
21L, 20L, 19L, 18L, 17L, 16L, 15L, 14L, 13L, 12L, 11L, 10L, 9L, 
8L, 7L, 6L, 5L, 4L, 3L, 2L, 1L, 100L, 99L, 98L, 97L, 96L, 95L, 
94L, 93L, 92L, 91L, 90L, 89L, 88L, 87L, 86L, 85L, 84L, 83L, 82L, 
81L, 80L, 79L, 78L, 77L, 76L, 75L, 74L, 73L, 72L, 71L, 70L, 69L, 
68L, 67L, 66L, 65L, 64L, 63L, 62L, 61L, 60L, 59L, 58L, 57L, 56L, 
55L, 54L, 53L, 52L, 51L, 50L, 49L, 48L, 47L, 46L, 45L, 44L, 43L, 
42L, 41L, 40L, 39L, 38L, 37L, 36L, 35L, 34L, 33L, 32L, 31L, 30L, 
29L, 28L, 27L, 26L, 25L, 24L, 23L, 22L, 21L, 20L, 19L, 18L, 17L, 
16L, 15L, 14L, 13L, 12L, 11L, 10L, 9L, 8L, 7L, 6L, 5L, 4L, 3L, 
2L, 1L, 100L, 99L, 98L, 97L, 96L, 95L, 94L, 93L, 92L, 91L, 90L, 
89L, 88L, 87L, 86L, 85L, 84L, 83L, 82L, 81L, 80L, 79L, 78L, 77L, 
76L, 75L, 74L, 73L, 72L, 71L, 70L, 69L, 68L, 67L, 66L, 65L, 64L, 
63L, 62L, 61L, 60L, 59L, 58L, 57L, 56L, 55L, 54L, 53L, 52L, 51L, 
50L, 49L, 48L, 47L, 46L, 45L, 44L, 43L, 42L, 41L, 40L, 39L, 38L, 
37L, 36L, 35L, 34L, 33L), .Label = c("1001525580", "1002735177", 
"1006257250", "1006303349", "1010590825", "1011300238", "1011671737", 
"1012889475", "1014045961", "1017662002", "1017687580", "1017721154", 
"1018515035", "1020075523", "1020956906", "1021193104", "1021203821", 
"1022060705", "1023544785", "1023796355", "1023796377", "1024924861", 
"1025650656", "1026144456", "1026222258", "1027178702", "1028170014", 
"1028202014", "1028640152", "1028872980", "1029407703", "1029553823", 
"929994770", "930145340", "930593833", "930962464", "931772410", 
"933554549", "933768957", "935937983", "936708195", "940049883", 
"940268161", "941951921", "942326386", "944586642", "945200867", 
"947657444", "947704187", "948887069", "949701043", "950111993", 
"952108955", "952243615", "952612774", "952658572", "952977439", 
"952980489", "952980511", "953013137", "953280197", "953449031", 
"954884656", "955267967", "955792771", "957534706", "960241494", 
"960398486", "961835116", "963502714", "963512693", "963621477", 
"963912473", "963993188", "964005654", "965450679", "965460481", 
"965537988", "968051543", "972270424", "972358754", "974595692", 
"976081392", "976946047", "981764863", "981897178", "984153721", 
"985435081", "990398090", "990953916", "991940122", "992451105", 
"993248915", "993753135", "993929392", "995592122", "996396992", 
"996396996", "996859844", "999808975"), class = "factor"), url = structure(c(98L, 
88L, 61L, 60L, 30L, 20L, 52L, 11L, 54L, 14L, 47L, 18L, 19L, 66L, 
8L, 75L, 43L, 90L, 62L, 45L, 70L, 36L, 42L, 64L, 51L, 48L, 50L, 
27L, 69L, 74L, 59L, 35L, 86L, 5L, 16L, 15L, 4L, 1L, 31L, 67L, 
40L, 9L, 92L, 46L, 99L, 10L, 84L, 82L, 58L, 53L, 32L, 7L, 57L, 
49L, 96L, 37L, 71L, 78L, 38L, 91L, 13L, 12L, 80L, 21L, 100L, 
83L, 76L, 65L, 44L, 97L, 41L, 85L, 89L, 73L, 72L, 56L, 26L, 28L, 
81L, 25L, 55L, 2L, 24L, 63L, 33L, 95L, 23L, 39L, 68L, 93L, 22L, 
77L, 29L, 34L, 6L, 3L, 94L, 79L, 17L, 87L, 98L, 88L, 61L, 60L, 
30L, 20L, 52L, 11L, 54L, 14L, 47L, 18L, 19L, 66L, 8L, 75L, 43L, 
90L, 62L, 45L, 70L, 36L, 42L, 64L, 51L, 48L, 50L, 27L, 69L, 74L, 
59L, 35L, 86L, 5L, 16L, 15L, 4L, 1L, 31L, 67L, 40L, 9L, 92L, 
46L, 99L, 10L, 84L, 82L, 58L, 53L, 32L, 7L, 57L, 49L, 96L, 37L, 
71L, 78L, 38L, 91L, 13L, 12L, 80L, 21L, 100L, 83L, 76L, 65L, 
44L, 97L, 41L, 85L, 89L, 73L, 72L, 56L, 26L, 28L, 81L, 25L, 55L, 
2L, 24L, 63L, 33L, 95L, 23L, 39L, 68L, 93L, 22L, 77L, 29L, 34L, 
6L, 3L, 94L, 79L, 17L, 87L, 98L, 88L, 61L, 60L, 30L, 20L, 52L, 
11L, 54L, 14L, 47L, 18L, 19L, 66L, 8L, 75L, 43L, 90L, 62L, 45L, 
70L, 36L, 42L, 64L, 51L, 48L, 50L, 27L, 69L, 74L, 59L, 35L, 86L, 
5L, 16L, 15L, 4L, 1L, 31L, 67L, 40L, 9L, 92L, 46L, 99L, 10L, 
84L, 82L, 58L, 53L, 32L, 7L, 57L, 49L, 96L, 37L, 71L, 78L, 38L, 
91L, 13L, 12L, 80L, 21L, 100L, 83L, 76L, 65L, 44L, 97L, 41L, 
85L, 89L, 73L, 72L, 56L, 26L, 28L, 81L, 25L, 55L, 2L, 24L, 63L, 
33L, 95L, 23L, 39L, 68L, 93L, 22L, 77L, 29L, 34L, 6L, 3L, 94L, 
79L, 17L, 87L),