structure(list(ID = structure(c(31L, 30L, 29L, 28L, 27L, 26L, 
25L, 24L, 23L, 22L, 21L, 20L, 19L, 18L, 17L, 16L, 15L, 14L, 13L, 
12L, 11L, 10L, 9L, 8L, 7L, 6L, 5L, 4L, 3L, 2L, 1L, 100L, 99L, 
98L, 97L, 96L, 95L, 94L, 93L, 92L, 91L, 90L, 89L, 88L, 87L, 86L, 
85L, 84L, 83L, 82L, 81L, 80L, 79L, 78L, 77L, 76L, 75L, 74L, 73L, 
72L, 71L, 70L, 69L, 68L, 67L, 66L, 65L, 64L, 63L, 62L, 61L, 60L, 
59L, 58L, 57L, 56L, 55L, 54L, 53L, 52L, 51L, 50L, 49L, 48L, 47L, 
46L, 45L, 44L, 43L, 42L, 41L, 40L, 39L, 38L, 37L, 36L, 35L, 34L, 
33L, 32L, 31L, 30L, 29L, 28L, 27L, 26L, 25L, 24L, 23L, 22L, 21L, 
20L, 19L, 18L, 17L, 16L, 15L, 14L, 13L, 12L, 11L, 10L, 9L, 8L, 
7L, 6L, 5L, 4L, 3L, 2L, 1L, 100L, 99L, 98L, 97L, 96L, 95L, 94L, 
93L, 92L, 91L, 90L, 89L, 88L, 87L, 86L, 85L, 84L, 83L, 82L, 81L, 
80L, 79L, 78L, 77L, 76L, 75L, 74L, 73L, 72L, 71L, 70L, 69L, 68L, 
67L, 66L, 65L, 64L, 63L, 62L, 61L, 60L, 59L, 58L, 57L, 56L, 55L, 
54L, 53L, 52L, 51L, 50L, 49L, 48L, 47L, 46L, 45L, 44L, 43L, 42L, 
41L, 40L, 39L, 38L, 37L, 36L, 35L, 34L, 33L, 32L, 31L, 30L, 29L, 
28L, 27L, 26L, 25L, 24L, 23L, 22L, 21L, 20L, 19L, 18L, 17L, 16L, 
15L, 14L, 13L, 12L, 11L, 10L, 9L, 8L, 7L, 6L, 5L, 4L, 3L, 2L, 
1L, 100L, 99L, 98L, 97L, 96L, 95L, 94L, 93L, 92L, 91L, 90L, 89L, 
88L, 87L, 86L, 85L, 84L, 83L, 82L, 81L, 80L, 79L, 78L, 77L, 76L, 
75L, 74L, 73L, 72L, 71L, 70L, 69L, 68L, 67L, 66L, 65L, 64L, 63L, 
62L, 61L, 60L, 59L, 58L, 57L, 56L, 55L, 54L, 53L, 52L, 51L, 50L, 
49L, 48L, 47L, 46L, 45L, 44L, 43L, 42L, 41L, 40L, 39L, 38L, 37L, 
36L, 35L, 34L, 33L, 32L), .Label = c("1002227004", "1010108446", 
"1010155750", "1010171636", "1010180962", "1010192229", "1010280673", 
"1010324924", "1010342378", "1010352860", "1010368870", "1010528896", 
"1010699453", "1011009773", "1011357535", "1011849318", "1011950883", 
"1012371403", "1021786872", "1023623739", "1023791532", "1025017189", 
"1025530541", "1028380676", "1028394887", "1028701236", "1028702292", 
"1028774852", "1029463733", "1029480762", "1029502706", "914933700", 
"914937470", "914937819", "914939023", "914945882", "915207705", 
"915705229", "915707661", "915860760", "916032616", "917218599", 
"917363331", "918079500", "918686812", "919194605", "919318024", 
"920216241", "920860148", "922552207", "922696987", "923832385", 
"926490605", "926672848", "935214607", "936122498", "936125551", 
"936176525", "936178004", "936208715", "936220535", "936270693", 
"936713056", "936743275", "939253462", "940019997", "941543566", 
"941579113", "941803021", "941974320", "941978447", "942000524", 
"942001198", "942002869", "942008762", "942067862", "942552582", 
"942605150", "944047010", "945112357", "947287781", "949712237", 
"949724819", "950849775", "951385323", "954302842", "954711840", 
"955103319", "958807099", "963198683", "963410215", "965427504", 
"965460478", "968147492", "968900935", "970488224", "982910708", 
"988518190", "995087686", "998269213"), class = "factor"), url = structure(c(45L, 
65L, 34L, 78L, 39L, 32L, 85L, 59L, 29L, 41L, 22L, 43L, 14L, 21L, 
38L, 83L, 90L, 6L, 70L, 17L, 24L, 52L, 3L, 10L, 62L, 51L, 74L, 
84L, 26L, 48L, 40L, 64L, 67L, 79L, 2L, 12L, 31L, 89L, 27L, 55L, 
30L, 9L, 36L, 93L, 8L, 7L, 69L, 57L, 19L, 20L, 37L, 63L, 100L, 
86L, 68L, 92L, 1L, 82L, 13L, 18L, 53L, 75L, 23L, 76L, 58L, 33L, 
44L, 81L, 47L, 15L, 16L, 80L, 5L, 73L, 56L, 28L, 91L, 87L, 77L, 
35L, 71L, 50L, 42L, 95L, 88L, 60L, 94L, 72L, 96L, 61L, 49L, 97L, 
25L, 54L, 11L, 46L, 4L, 99L, 98L, 66L, 45L, 65L, 34L, 78L, 39L, 
32L, 85L, 59L, 29L, 41L, 22L, 43L, 14L, 21L, 38L, 83L, 90L, 6L, 
70L, 17L, 24L, 52L, 3L, 10L, 62L, 51L, 74L, 84L, 26L, 48L, 40L, 
64L, 67L, 79L, 2L, 12L, 31L, 89L, 27L, 55L, 30L, 9L, 36L, 93L, 
8L, 7L, 69L, 57L, 19L, 20L, 37L, 63L, 100L, 86L, 68L, 92L, 1L, 
82L, 13L, 18L, 53L, 75L, 23L, 76L, 58L, 33L, 44L, 81L, 47L, 15L, 
16L, 80L, 5L, 73L, 56L, 28L, 91L, 87L, 77L, 35L, 71L, 50L, 42L, 
95L, 88L, 60L, 94L, 72L, 96L, 61L, 49L, 97L, 25L, 54L, 11L, 46L, 
4L, 99L, 98L, 66L, 45L, 65L, 34L, 78L, 39L, 32L, 85L, 59L, 29L, 
41L, 22L, 43L, 14L, 21L, 38L, 83L, 90L, 6L, 70L, 17L, 24L, 52L, 
3L, 10L, 62L, 51L, 74L, 84L, 26L, 48L, 40L, 64L, 67L, 79L, 2L, 
12L, 31L, 89L, 27L, 55L, 30L, 9L, 36L, 93L, 8L, 7L, 69L, 57L, 
19L, 20L, 37L, 63L, 100L, 86L, 68L, 92L, 1L, 82L, 13L, 18L, 53L, 
75L, 23L, 76L, 58L, 33L, 44L, 81L, 47L, 15L, 16L, 80L, 5L, 73L, 
56L, 28L, 91L, 87L, 77L, 35L, 71L, 50L, 42L, 95L, 88L, 60L, 94L, 
72L, 96L, 61L, 49L, 97L, 25L, 54L, 11L, 46L, 4L, 99L, 98L, 66L
),