structure(list(ID = structure(c(7L, 6L, 5L, 4L, 3L, 2L, 1L, 69L, 
68L, 67L, 66L, 65L, 64L, 63L, 62L, 61L, 60L, 59L, 58L, 57L, 56L, 
55L, 54L, 53L, 52L, 51L, 50L, 49L, 48L, 47L, 46L, 45L, 44L, 43L, 
42L, 41L, 40L, 39L, 38L, 37L, 36L, 35L, 34L, 33L, 32L, 31L, 30L, 
29L, 28L, 27L, 26L, 25L, 24L, 23L, 22L, 21L, 20L, 19L, 18L, 17L, 
16L, 15L, 14L, 13L, 12L, 11L, 10L, 9L, 8L), .Label = c("1003632028", 
"1008532200", "1014657134", "1015348766", "1015402112", "1019873184", 
"1021802815", "786773651", "787861073", "788965396", "789295813", 
"789583866", "789843190", "791573297", "799743929", "807557837", 
"810226537", "811215032", "824021413", "824199501", "824397373", 
"827843935", "834155773", "835682109", "839535559", "842514979", 
"843092720", "844799958", "844970725", "845540523", "851421577", 
"868220191", "871808936", "878584213", "883552188", "883563359", 
"883623225", "883652157", "894376630", "902643607", "910715985", 
"912570492", "912912680", "913611645", "913695782", "915904043", 
"930865400", "946141094", "948171856", "956758655", "956791027", 
"956801400", "956831518", "956899732", "957170385", "958943714", 
"960208580", "964013736", "964028776", "965939964", "967005102", 
"968785776", "970458722", "974432184", "974645205", "975417498", 
"979421927", "982553101", "984426279"), class = "factor"), url = structure(c(42L, 
62L, 58L, 32L, 15L, 1L, 69L, 33L, 44L, 68L, 47L, 20L, 5L, 19L, 
55L, 26L, 25L, 16L, 21L, 24L, 30L, 28L, 27L, 6L, 10L, 56L, 53L, 
57L, 8L, 41L, 67L, 66L, 46L, 65L, 54L, 49L, 63L, 18L, 22L, 23L, 
52L, 51L, 37L, 34L, 12L, 9L, 13L, 31L, 3L, 59L, 60L, 2L, 40L, 
43L, 38L, 14L, 48L, 36L, 35L, 7L, 64L, 29L, 61L, 39L, 50L, 45L, 
4L, 17L, 11L), .Label = c("http://businessworld.in/article/Language-Matters-In-Science-And-Maths-In-Primary-Schools/02-12-2018-164719", 
"http://indianexpress.com/article/cities/ahmedabad/govt-primary-schools-to-be-evaluated-on-april-6-7-says-gujarat-education-minister-5113766/", 
"http://indianexpress.com/article/india/medium-of-instruction-primary-schools-in-punjab-free-to-choose-between-english-and-punjabi-5125459/", 
"http://indiatoday.intoday.in/story/hippocampus-learning-centres-umesh-malhotra/1/1123974.html", 
"http://risingkashmir.com/news/dsek-orders-upgradation-of-59-primary-schools", 
"http://risingkashmir.com/news/panchayats-to-control-phcs-primary-schools-anganwadi-centres-in-jk-rajnath-", 
"http://www.asianage.com/metros/mumbai/100218/bmc-primary-schools-to-have-class-5-divisions.html", 
"http://www.assamtribune.com/scripts/detailsnew.asp?id=sep1418%2Fcity056", 
"http://www.centralchronicle.com/27-thousand-910-new-primary-schools-opened-under-sarva-shiksha-abhiyan.html", 
"http://www.dailyexcelsior.com/primary-health-centres-primary-schools-anganwadi-centres-jk-panchayats/", 
"http://www.dnaindia.com/ahmedabad/report-250-primary-schools-in-gujarat-to-get-digital-classrooms-2572196", 
"http://www.dnaindia.com/ahmedabad/report-heat-wave-primary-schools-may-shift-to-mornings-hours-in-gujarat-2615150", 
"http://www.dnaindia.com/mumbai/report-bmc-s-primary-schools-need-781-teachers-2601781", 
"http://www.financialexpress.com/india-news/we-are-focused-on-iits-primary-schools-not-on-institutions-between-them-pratham-co-founder-and-ceo-madhav-chavan/1086647/", 
"http://www.goacom.com/lobo-standard-of-govt-primary-schools-needs-improvement/", 
"http://www.jantakareporter.com/india/gayatri-mantra-order-for-delhi-primary-schools-irks-minority-commission/211885/", 
"http://www.newindianexpress.com/nation/2018/jan/04/fail-a-subject-in-class-x-but-you-can-teach-the-same-in-government-primary-schools-in-punjab-1744101.html", 
"http://www.newindianexpress.com/states/karnataka/2018/jun/26/178-primary-schools-in-kalaburagi-region-were-of-zero-enrollment-in-2017-18-1833988.html", 
"http://www.newindianexpress.com/states/kerala/2018/oct/16/now-its-the-turn-of-kerala-primary-schools-to-go-hi-tech-1886083.html", 
"http://www.newindianexpress.com/states/kerala/2018/oct/21/government-plans-new-child-friendly-curriculum-for-pre-primary-schools-1887924.html", 
"http://www.newindianexpress.com/states/odisha/2018/oct/08/nine-primary-schools-in-bhubaneswar-closed-due-to-poor-strength-of-students-1882592.html", 
"http://www.sify.com/finance/eastman-auto-and-power-ltd-to-solarise-100-government-primary-schools-in-2018-19-news-news-sgisUtgagdcic.html", 
"http://www.sify.com/finance/fullstory.php?a=sgisUtgagdcic&title=Eastman_Auto_and_Power_Ltd._to_solarise_100_government_primary_schools_in_2018-19", 
"https://article.wn.com/view/2018/10/03/Calls_for_free_sanitary_products_bins_in_primary_schools_aft/", 
"https://article.wn.com/view/2018/10/10/The_Member_of_Parliament_MP_for_Akan_Constituency_has_in_par/", 
"https://article.wn.com/view/2018/10/11/Severe_obesity_four_times_more_likely_in_poor_primary_school/", 
"https://kashmirobserver.net/2018/local-news/phcsprimary-schoolsanganwadi-centres-jk-work-under-panchayatsrajnath-36438", 
"https://kashmirobserver.net/2018/local-news/phcsprimary-schoolsanganwadi-centres-work-under-panchayats-36438", 
"https://scroll.in/latest/866128/nhrc-issues-notice-to-odisha-over-closure-of-over-800-government-run-primary-upper-primary-schools", 
"https://timesofindia.indiatimes.com/city/agra/up-government-funds-rs-9-crore-for-renovation-of-primary-schools/articleshow/66033022.cms", 
"https://timesofindia.indiatimes.com/city/ahmedabad/vacation-dates-for-primary-schools-changed/articleshow/63634556.cms", 
"https://timesofindia.indiatimes.com/city/allahabad/up-to-merge-primary-upper-primary-schools-running-on-same-premises/articleshow/67034260.cms", 
"https://timesofindia.indiatimes.com/city/bengaluru/english-in-primary-schools-wont-hurt-kannada-cm/articleshow/66470278.cms", 
"https://timesofindia.indiatimes.com/city/goa/24-govt-primary-schools-shut-in-2017-18/articleshow/64250000.cms", 
"https://timesofindia.indiatimes.com/city/goa/education-department-sees-surge-in-applications-to-open-konkani-primary-schools/articleshow/62880032.cms", 
"https://timesofindia.indiatimes.com/city/goa/education-department-treads-cautiously-in-allowing-new-primary-schools/articleshow/63143671.cms", 
"https://timesofindia.indiatimes.com/city/goa/four-govt-primary-schools-to-reopen-its-doors-in-june/articleshow/64406969.cms", 
"https://timesofindia.indiatimes.com/city/goa/govt-rejects-all-applications-for-english-primary-schools/articleshow/63224594.cms", 
"https://timesofindia.indiatimes.com/city/goa/when-politics-history-tradition-kept-konkani-away-from-primary-schools/articleshow/62412170.cms", 
"https://timesofindia.indiatimes.com/city/hyderabad/pre-primary-schools-lack-clear-cut-policy/articleshow/63393224.cms", 
"https://timesofindia.indiatimes.com/city/mysuru/govt-ngo-partnership-sees-improvement-in-quality-of-education-in-primary-schools/articleshow/65520574.cms", 
"https://timesofindia.indiatimes.com/city/noida/education-dept-to-inspect-all-primary-schools/articleshow/67153452.cms", 
"https://timesofindia.indiatimes.com/city/pune/primary-schools-score-low-on-infrastructure-under-rte/articleshow/63360997.cms", 
"https://timesofindia.indiatimes.com/city/rajkot/mass-copying-found-in-2-primary-schools/articleshow/66436660.cms", 
"https://timesofindia.indiatimes.com/city/ranchi/dip-in-mercury-forces-primary-schools-to-shut-down-till-monday/articleshow/62389369.cms", 
"https://timesofindia.indiatimes.com/city/surat/smc-to-develop-green-campus-in-15-of-its-primary-schools-in-the-city/articleshow/65155528.cms", 
"https://timesofindia.indiatimes.com/city/thiruvananthapuram/kite-to-set-up-hi-tech-labs-in-lower-primary-upper-primary-schools-in-six-months/articleshow/66315122.cms", 
"https://timesofindia.indiatimes.com/home/education/news/education-department-treads-cautiously-in-allowing-new-primary-schools/articleshow/63143671.cms", 
"https://timesofindia.indiatimes.com/home/education/news/misprinting-chapters-missing-from-books-supplied-to-primary-schools/articleshow/65099013.cms", 
