structure(list(ID = structure(c(20L, 19L, 18L, 17L, 16L, 15L, 
14L, 13L, 12L, 11L, 10L, 9L, 8L, 7L, 6L, 5L, 4L, 3L, 2L, 1L, 
100L, 99L, 98L, 97L, 96L, 95L, 94L, 93L, 92L, 91L, 90L, 89L, 
88L, 87L, 86L, 85L, 84L, 83L, 82L, 81L, 80L, 79L, 78L, 77L, 76L, 
75L, 74L, 73L, 72L, 71L, 70L, 69L, 68L, 67L, 66L, 65L, 64L, 63L, 
62L, 61L, 60L, 59L, 58L, 57L, 56L, 55L, 54L, 53L, 52L, 51L, 50L, 
49L, 48L, 47L, 46L, 45L, 44L, 43L, 42L, 41L, 40L, 39L, 38L, 37L, 
36L, 35L, 34L, 33L, 32L, 31L, 29L, 30L, 27L, 28L, 26L, 25L, 24L, 
23L, 22L, 21L, 20L, 19L, 18L, 17L, 16L, 15L, 14L, 13L, 12L, 11L, 
10L, 9L, 8L, 7L, 6L, 5L, 4L, 3L, 2L, 1L, 100L, 99L, 98L, 97L, 
96L, 95L, 94L, 93L, 92L, 91L, 90L, 89L, 88L, 87L, 86L, 85L, 84L, 
83L, 82L, 81L, 80L, 79L, 78L, 77L, 76L, 75L, 74L, 73L, 72L, 71L, 
70L, 69L, 68L, 67L, 66L, 65L, 64L, 63L, 62L, 61L, 60L, 59L, 58L, 
57L, 56L, 55L, 54L, 53L, 52L, 51L, 50L, 49L, 48L, 47L, 46L, 45L, 
44L, 43L, 42L, 41L, 40L, 39L, 38L, 37L, 36L, 35L, 34L, 33L, 32L, 
31L, 29L, 30L, 27L, 28L, 26L, 25L, 24L, 23L, 22L, 21L, 20L, 19L, 
18L, 17L, 16L, 15L, 14L, 13L, 12L, 11L, 10L, 9L, 8L, 7L, 6L, 
5L, 4L, 3L, 2L, 1L, 100L, 99L, 98L, 97L, 96L, 95L, 94L, 93L, 
92L, 91L, 90L, 89L, 88L, 87L, 86L, 85L, 84L, 83L, 82L, 81L, 80L, 
79L, 78L, 77L, 76L, 75L, 74L, 73L, 72L, 71L, 70L, 69L, 68L, 67L, 
66L, 65L, 64L, 63L, 62L, 61L, 60L, 59L, 58L, 57L, 56L, 55L, 54L, 
53L, 52L, 51L, 50L, 49L, 48L, 47L, 46L, 45L, 44L, 43L, 42L, 41L, 
40L, 39L, 38L, 37L, 36L, 35L, 34L, 33L, 32L, 31L, 29L, 30L, 27L, 
28L, 26L, 25L, 24L, 23L, 22L, 21L, 20L, 19L, 18L, 17L, 16L, 15L, 
14L, 13L, 12L, 11L, 10L, 9L, 8L, 7L, 6L, 5L, 4L, 3L, 2L, 1L, 
100L, 99L, 98L, 97L, 96L, 95L, 94L, 93L, 92L, 91L, 90L, 89L, 
88L, 87L, 86L, 85L, 84L, 83L, 82L, 81L, 80L, 79L, 78L, 77L, 76L, 
75L, 74L, 73L, 72L, 71L, 70L, 69L, 68L, 67L, 66L, 65L, 64L, 63L, 
62L, 61L, 60L, 59L, 58L, 57L, 56L, 55L, 54L, 53L, 52L, 51L, 50L, 
49L, 48L, 47L, 46L, 45L, 44L, 43L, 42L, 41L, 40L, 39L, 38L, 37L, 
36L, 35L, 34L, 33L, 32L, 31L, 29L, 30L, 27L, 28L, 26L, 25L, 24L, 
23L, 22L, 21L), .Label = c("1008312974", "1012440711", "1013384945", 
"1013739549", "1013992577", "1014045961", "1020077132", "1021759433", 
"1022837234", "1023565053", "1025081041", "1025171466", "1025278677", 
"1026399968", "1026568185", "1026578144", "1027314916", "1027316930", 
"1027571301", "1029536109", "923079159", "925269917", "927062342", 
"930889700", "931112563", "931120682", "931128841", "931129773", 
"931152133", "931162940", "931169054", "931181553", "931348746", 
"931467666", "931958855", "932045194", "933266851", "933272396", 
"934346187", "935162016", "936719145", "936739141", "940173384", 
"942748687", "944391827", "944391837", "946209737", "946892135", 
"947874928", "948063285", "948234769", "948507227", "948916982", 
"949058636", "949631316", "950494382", "951193120", "951430283", 
"952983873", "953984410", "954618520", "954628278", "954634508", 
"954823842", "954864448", "955037492", "956081274", "956458898", 
"956581912", "957149856", "957236813", "959274910", "959529484", 
"960882791", "962231391", "964093834", "965477723", "972305208", 
"972644101", "973935924", "973978349", "974783427", "974783676", 
"974869479", "975015511", "975095470", "975220993", "976876965", 
"977152350", "981520919", "984468679", "985663113", "985724894", 
"986039182", "988571224", "989411542", "991409831", "993746567", 
"996284051", "999370155"), class = "factor"), url = structure(c(1L, 
98L, 85L, 86L, 51L, 87L, 65L, 6L, 2L, 17L, 43L, 59L, 16L, 50L, 
55L, 66L, 45L, 48L, 15L, 13L, 18L, 36L, 11L, 56L, 70L, 38L, 97L, 
8L, 12L, 30L, 14L, 63L, 32L, 74L, 9L, 90L, 91L, 69L, 10L, 82L, 
71L, 44L, 83L, 4L, 25L, 29L, 57L, 28L, 19L, 20L, 42L, 96L, 58L, 
52L, 62L, 54L, 34L, 94L, 26L, 67L, 89L, 73L, 53L, 41L, 78L, 3L, 
47L, 46L, 92L, 37L, 24L, 88L, 80L, 79L, 100L, 99L, 40L, 60L, 
23L, 49L, 76L, 61L, 5L, 35L, 7L, 21L, 84L, 33L, 93L, 77L, 95L, 
39L, 27L, 75L, 72L, 68L, 81L, 64L, 31L, 22L, 1L, 98L, 85L, 86L, 
51L, 87L, 65L, 6L, 2L, 17L, 43L, 59L, 16L, 50L, 55L, 66L, 45L, 
48L, 15L, 13L, 18L, 36L, 11L, 56L, 70L, 38L, 97L, 8L, 12L, 30L, 
14L, 63L, 32L, 74L, 9L, 90L, 91L, 69L, 10L, 82L, 71L, 44L, 83L, 
4L, 25L, 29L, 57L, 28L, 19L, 20L, 42L, 96L, 58L, 52L, 62L, 54L, 
34L, 94L, 26L, 67L, 89L, 73L, 53L, 41L, 78L, 3L, 47L, 46L, 92L, 
37L, 24L, 88L, 80L, 79L, 100L, 99L, 40L, 60L, 23L, 49L, 76L, 
61L, 5L, 35L, 7L, 21L, 84L, 33L, 93L, 77L, 95L, 39L, 27L, 75L, 
72L, 68L, 81L, 64L, 31L, 22L, 1L, 98L, 85L, 86L, 51L, 87L, 65L, 
6L, 2L, 17L, 43L, 59L, 16L, 50L, 55L, 66L, 45L, 48L, 15L, 13L, 
18L, 36L, 11L, 56L, 70L, 38L, 97L, 8L, 12L, 30L, 14L, 63L, 32L, 
74L, 9L, 90L, 91L, 69L, 10L, 82L, 71L, 44L, 83L, 4L, 25L, 29L, 
57L, 28L, 19L, 20L, 42L, 96L, 58L, 52L, 62L, 54L, 34L, 94L, 26L, 
67L, 89L, 73L, 53L, 41L, 78L, 3L, 47L, 46L, 92L, 37L, 24L, 88L, 
80L, 79L, 100L, 99L, 40L, 60L, 23L, 49L, 76L, 61L, 5L, 35L, 7L, 
21L, 84L, 33L, 93L, 77L, 95L, 39L, 27L, 75L, 72L, 68L, 81L, 64L, 
31L, 22L, 1L, 98L, 85L, 86L, 51L, 87L, 65L, 6L, 2L, 17L, 43L, 
59L, 16L, 50L, 55L, 66L, 45L, 48L, 15L, 13L, 18L, 36L, 11L, 56L, 
70L, 38L, 97L, 8L, 12L, 30L, 14L, 63L, 32L, 74L, 9L, 90L, 91L, 
69L, 10L, 82L, 71L, 44L, 83L, 4L, 25L, 29L, 57L, 28L, 19L, 20L, 
42L, 96L, 58L, 52L, 62L, 54L, 34L, 94L, 26L, 67L, 89L, 73L, 53L, 
41L, 78L, 3L, 47L, 46L, 92L, 37L, 24L, 88L, 80L, 79L, 100L, 99L, 
40L, 60L, 23L, 49L, 76L, 61L, 5L, 35L, 7L, 21L, 84L, 33L, 93L, 
77L, 95L, 39L, 27L, 75L, 72L, 68L, 81L, 64L, 31L, 22L),