structure(list(ID = structure(c(13L, 12L, 11L, 10L, 9L, 8L, 7L, 
6L, 5L, 4L, 3L, 2L, 1L, 100L, 99L, 98L, 97L, 96L, 95L, 94L, 93L, 
92L, 91L, 90L, 89L, 88L, 87L, 86L, 85L, 84L, 83L, 82L, 81L, 80L, 
79L, 78L, 77L, 76L, 75L, 74L, 73L, 72L, 71L, 70L, 69L, 68L, 67L, 
66L, 65L, 64L, 63L, 62L, 61L, 60L, 59L, 58L, 57L, 56L, 55L, 54L, 
53L, 52L, 51L, 50L, 49L, 48L, 47L, 46L, 45L, 44L, 43L, 42L, 41L, 
40L, 39L, 38L, 37L, 36L, 35L, 34L, 33L, 32L, 31L, 30L, 29L, 28L, 
27L, 26L, 25L, 24L, 23L, 22L, 21L, 20L, 19L, 18L, 17L, 16L, 15L, 
14L, 13L, 12L, 11L, 10L, 9L, 8L, 7L, 6L, 5L, 4L, 3L, 2L, 1L, 
100L, 99L, 98L, 97L, 96L, 95L, 94L, 93L, 92L, 91L, 90L, 89L, 
88L, 87L, 86L, 85L, 84L, 83L, 82L, 81L, 80L, 79L, 78L, 77L, 76L, 
75L, 74L, 73L, 72L, 71L, 70L, 69L, 68L, 67L, 66L, 65L, 64L, 63L, 
62L, 61L, 60L, 59L, 58L, 57L, 56L, 55L, 54L, 53L, 52L, 51L, 50L, 
49L, 48L, 47L, 46L, 45L, 44L, 43L, 42L, 41L, 40L, 39L, 38L, 37L, 
36L, 35L, 34L, 33L, 32L, 31L, 30L, 29L, 28L, 27L, 26L, 25L, 24L, 
23L, 22L, 21L, 20L, 19L, 18L, 17L, 16L, 15L, 14L), .Label = c("1001604414", 
"1001943749", "1004812188", "1005019201", "1007774147", "1012502337", 
"1013176819", "1013318530", "1022884048", "1027334624", "1027514629", 
"1027603026", "1028187811", "863104522", "863226644", "863335602", 
"863392000", "864761905", "865123598", "865263430", "865400829", 
"865523242", "868822476", "868931505", "871168237", "875313394", 
"875654322", "885711198", "888343328", "889705881", "890811460", 
"893583371", "894270064", "896025328", "898932355", "899990541", 
"900201393", "901192948", "903045787", "903053868", "903665078", 
"905964385", "907251598", "908245242", "909646102", "913753972", 
"917493021", "917500878", "917505342", "917595442", "917863406", 
"918157898", "918301530", "918853491", "918959086", "920734066", 
"921294854", "925172292", "926176385", "929606187", "930802368", 
"930966075", "932015012", "932336546", "936666781", "936694108", 
"936706554", "936720014", "936761241", "936803489", "936816896", 
"938434879", "952589803", "952645630", "952651521", "955626614", 
"957741678", "957824669", "957865179", "957934916", "962698202", 
"963750515", "965974436", "969419629", "972276970", "972319403", 
"972521845", "972789072", "973963642", "974719897", "974735012", 
"974749510", "977318299", "978419788", "978436097", "986670404", 
"987076136", "990324414", "990442480", "996396992"), class = "factor"), 
    url = structure(c(22L, 90L, 91L, 89L, 41L, 11L, 48L, 77L, 
    62L, 78L, 45L, 16L, 82L, 23L, 50L, 3L, 4L, 87L, 70L, 32L, 
    83L, 100L, 85L, 71L, 47L, 88L, 10L, 76L, 60L, 98L, 54L, 53L, 
    28L, 52L, 26L, 25L, 99L, 84L, 21L, 29L, 55L, 12L, 94L, 18L, 
    97L, 34L, 63L, 67L, 65L, 49L, 40L, 14L, 13L, 73L, 81L, 74L, 
    61L, 69L, 19L, 44L, 20L, 17L, 95L, 92L, 33L, 66L, 64L, 30L, 
    80L, 43L, 59L, 15L, 75L, 35L, 68L, 24L, 56L, 72L, 57L, 42L, 
    93L, 31L, 46L, 58L, 36L, 27L, 51L, 37L, 86L, 8L, 39L, 9L, 
    5L, 38L, 6L, 96L, 7L, 2L, 1L, 79L, 22L, 90L, 91L, 89L, 41L, 
    11L, 48L, 77L, 62L, 78L, 45L, 16L, 82L, 23L, 50L, 3L, 4L, 
    87L, 70L, 32L, 83L, 100L, 85L, 71L, 47L, 88L, 10L, 76L, 60L, 
    98L, 54L, 53L, 28L, 52L, 26L, 25L, 99L, 84L, 21L, 29L, 55L, 
    12L, 94L, 18L, 97L, 34L, 63L, 67L, 65L, 49L, 40L, 14L, 13L, 
    73L, 81L, 74L, 61L, 69L, 19L, 44L, 20L, 17L, 95L, 92L, 33L, 
    66L, 64L, 30L, 80L, 43L, 59L, 15L, 75L, 35L, 68L, 24L, 56L, 
    72L, 57L, 42L, 93L, 31L, 46L, 58L, 36L, 27L, 51L, 37L, 86L, 
    8L, 39L, 9L, 5L, 38L, 6L, 96L, 7L, 2L, 1L, 79L), .Label = c("http://indianexpress.com/article/education/delhi-government-orders-private-school-to-disburse-pending-salaries-5165827/", 
    "http://indianexpress.com/article/education/pay-teachers-by-seventh-of-each-month-doe-to-pvt-school-5166058/", 
    "http://risingkashmir.com/news/govt-fines-bandipora-private-school-of-rs-25000-for-selling-books", 
    "http://risingkashmir.com/news/private-school-book-shop-penalized-for-restrictive-trade-practice", 
    "http://www.asianage.com/metros/delhi/100518/government-issues-notice-to-private-school.html", 
    "http://www.business-standard.com/article/pti-stories/delhi-private-school-derecognised-for-not-providing-free-uniform-books-118050901158_1.html", 
    "http://www.dnaindia.com/delhi/report-directorate-of-education-orders-private-school-to-disburse-pending-salaries-in-national-capital-2612258", 
    "http://www.dnaindia.com/delhi/report-private-school-rolls-back-hiked-fees-after-aap-government-s-order-2615563", 
    "http://www.freepressjournal.in/latest-news/delhi-government-de-recognises-private-school-for-not-providing-free-uniform-books-to-students-of-ews-category/1273894", 
    "http://www.freepressjournal.in/latest-news/shocking-private-school-owner-in-rajkot-receives-parcel-bomb-in-gift-box/1378258", 
    "http://www.newindianexpress.com/cities/bengaluru/2018/dec/07/parents-activists-upset-say-govt-buckled-to-private-school-lobby-1908329.html", 
    "http://www.newindianexpress.com/cities/bengaluru/2018/sep/04/pop-it-bomb-crackers-worry-bengaluru-private-school-teachers-1867289.html", 
    "http://www.newindianexpress.com/cities/chennai/2018/aug/24/private-school-comes-up-in-high-risk-flood-zone-raises-concern-1861967.html", 
    "http://www.newindianexpress.com/cities/chennai/2018/aug/24/private-school-in-chennai-comes-up-along-high-risk-flood-zone-raises-concern-1861967.html", 
    "http://www.newindianexpress.com/cities/delhi/2018/jul/15/bjp-leader-shatrughan-sinha-praises-arvind-kejriwal-for-taking-action-against-delhis-private-school-1843719.html", 
    "http://www.newindianexpress.com/cities/delhi/2018/nov/23/delhi-government-school-pupils-eat-more-nutritious-food-than-private-school-kids-1901968.html", 
    "http://www.newindianexpress.com/cities/hyderabad/2018/aug/03/acid-attack-on-private-school-teacher-shifted-to-sd-hospital-1852481.html", 
    "http://www.newindianexpress.com/cities/mumbai/2018/sep/01/mumbai-class-6-student-molested-at-private-school-1866054.html", 
    "http://www.newindianexpress.com/nation/2018/aug/03/principal-of-private-school-in-uttar-pradesh-murdered-after-family-couldnt-arrange-ransom-money-1852674.html", 
    "http://www.newindianexpress.com/nation/2018/aug/03/principal-of-private-school-in-uttar-pradeshs-saharanpur-murdered-after-family-members-refused-to-p-1852674.html", 
    "http://www.newindianexpress.com/specials/2018/sep/23/no-guideline-to-maintain-private-school-fee-structure-1875899.html", 
    "http://www.newindianexpress.com/states/andhra-pradesh/2018/dec/27/andhra-private-school-teacher-arrested-for-making-students-strip-as-punishment-for-coming-late-1917287.html", 
    "http://www.newindianexpress.com/states/andhra-pradesh/2018/nov/16/26000-private-school-students-join-government-schools-in-ease-godavari-district-1898877.html", 
    "http://www.newindianexpress.com/states/karnataka/2018/jul/07/karnataka-private-head-master-of-a-private-school-arrested-for-sexually-assaulting-minor-girl-1839802.html", 
    "http://www.newindianexpress.com/states/karnataka/2018/sep/30/minister-n-mahes-calls-private-school-teachers-nuns-kids-parrots-1879091.html", 
    "http://www.newindianexpress.com/states/karnataka/2018/sep/30/minister-n-mahesh-calls-private-school-teachers-nuns-kids-parrots-1879091.html", 
    "http://www.newindianexpress.com/states/kerala/2018/jun/12/unrecognised-private-school-in-kasargod-loses-two-batches-of-students-in-panchayat-drive-1827089.html", 
    "http://www.newindianexpress.com/states/kerala/2018/oct/06/irate-private-school-managers-gang-up-against-cbse-regional-officer-1881644.html", 
    "http://www.newindianexpress.com/states/kerala/2018/sep/23/no-guideline-to-maintain-private-school-fee-structure-1875899.html", 
    "http://www.newindianexpress.com/states/tamil-nadu/2018/jul/27/private-school-teacher-dies-of-birth-complications-in-tamil-nadus-tirupur-after-trying-to-deliver-b-1849330.html", 
