structure(list(ID = structure(c(14L, 13L, 12L, 11L, 10L, 9L, 
8L, 7L, 6L, 5L, 4L, 3L, 2L, 1L, 100L, 99L, 98L, 97L, 96L, 95L, 
94L, 93L, 92L, 91L, 90L, 89L, 88L, 87L, 86L, 85L, 84L, 83L, 82L, 
81L, 80L, 79L, 78L, 77L, 76L, 75L, 74L, 73L, 72L, 71L, 70L, 69L, 
68L, 67L, 66L, 65L, 64L, 63L, 62L, 61L, 60L, 59L, 58L, 57L, 56L, 
55L, 54L, 53L, 52L, 51L, 50L, 49L, 48L, 47L, 46L, 45L, 44L, 43L, 
42L, 41L, 40L, 39L, 38L, 37L, 36L, 35L, 34L, 33L, 32L, 31L, 30L, 
29L, 28L, 27L, 26L, 25L, 24L, 23L, 22L, 21L, 20L, 19L, 18L, 17L, 
16L, 15L, 14L, 13L, 12L, 11L, 10L, 9L, 8L, 7L, 6L, 5L, 4L, 3L, 
2L, 1L, 100L, 99L, 98L, 97L, 96L, 95L, 94L, 93L, 92L, 91L, 90L, 
89L, 88L, 87L, 86L, 85L, 84L, 83L, 82L, 81L, 80L, 79L, 78L, 77L, 
76L, 75L, 74L, 73L, 72L, 71L, 70L, 69L, 68L, 67L, 66L, 65L, 64L, 
63L, 62L, 61L, 60L, 59L, 58L, 57L, 56L, 55L, 54L, 53L, 52L, 51L, 
50L, 49L, 48L, 47L, 46L, 45L, 44L, 43L, 42L, 41L, 40L, 39L, 38L, 
37L, 36L, 35L, 34L, 33L, 32L, 31L, 30L, 29L, 28L, 27L, 26L, 25L, 
24L, 23L, 22L, 21L, 20L, 19L, 18L, 17L, 16L, 15L), .Label = c("1000623884", 
"1000637446", "1000763355", "1004844692", "1009183946", "1011063459", 
"1019515305", "1020468934", "1024436117", "1027303094", "1028080142", 
"1028146960", "1028153347", "1030138826", "815450279", "815489184", 
"815555437", "819467896", "822836985", "828705122", "828741094", 
"828781502", "829487404", "832894841", "834764197", "834845334", 
"837452388", "838206763", "841776801", "845532281", "845759924", 
"846382677", "848323896", "850654484", "853753544", "865606082", 
"872721453", "874893895", "888020077", "888034309", "892416988", 
"892561947", "892883522", "897008759", "899425469", "900517836", 
"901480793", "905584707", "905905807", "907807270", "911213415", 
"912182505", "914881022", "919320207", "920793620", "923055210", 
"925637556", "925644459", "927418003", "930522833", "930639625", 
"930984706", "938589518", "938635032", "939153817", "942076988", 
"948343573", "952436237", "953877282", "955268836", "958108563", 
"958109792", "958113548", "958115750", "958169265", "959025683", 
"960002624", "961429199", "962044117", "963348436", "964196372", 
"964516470", "965134609", "965182804", "965325148", "965422573", 
"966309451", "968378825", "969555147", "976476902", "977974882", 
"977999175", "978190298", "994485117", "995921209", "996415103", 
"997935784", "998191686", "999312792", "999382266"), class = "factor"), 
    url = structure(c(55L, 17L, 44L, 73L, 80L, 87L, 84L, 74L, 
    23L, 36L, 18L, 77L, 63L, 90L, 19L, 15L, 58L, 45L, 7L, 3L, 
    46L, 10L, 65L, 64L, 43L, 79L, 57L, 34L, 30L, 31L, 32L, 33L, 
    28L, 29L, 27L, 49L, 71L, 26L, 99L, 38L, 68L, 76L, 21L, 95L, 
    41L, 54L, 50L, 35L, 51L, 5L, 96L, 40L, 61L, 70L, 42L, 66L, 
    94L, 98L, 14L, 72L, 20L, 52L, 12L, 56L, 92L, 37L, 69L, 39L, 
    9L, 97L, 100L, 25L, 81L, 59L, 75L, 67L, 78L, 82L, 88L, 2L, 
    8L, 11L, 16L, 47L, 13L, 60L, 4L, 53L, 91L, 48L, 93L, 85L, 
    86L, 1L, 62L, 6L, 83L, 89L, 22L, 24L, 55L, 17L, 44L, 73L, 
    80L, 87L, 84L, 74L, 23L, 36L, 18L, 77L, 63L, 90L, 19L, 15L, 
    58L, 45L, 7L, 3L, 46L, 10L, 65L, 64L, 43L, 79L, 57L, 34L, 
    30L, 31L, 32L, 33L, 28L, 29L, 27L, 49L, 71L, 26L, 99L, 38L, 
    68L, 76L, 21L, 95L, 41L, 54L, 50L, 35L, 51L, 5L, 96L, 40L, 
    61L, 70L, 42L, 66L, 94L, 98L, 14L, 72L, 20L, 52L, 12L, 56L, 
    92L, 37L, 69L, 39L, 9L, 97L, 100L, 25L, 81L, 59L, 75L, 67L, 
    78L, 82L, 88L, 2L, 8L, 11L, 16L, 47L, 13L, 60L, 4L, 53L, 
    91L, 48L, 93L, 85L, 86L, 1L, 62L, 6L, 83L, 89L, 22L, 24L), .Label = c("http://indianexpress.com/article/cities/patna/one-primary-school-at-every-1-km-in-bihar-minister-5092912/", 
    "http://indianexpress.com/article/trending/viral-videos-trending/drunk-driver-in-china-crashes-car-into-a-primary-school-gate-5145436/", 
    "http://pragativadi.com/primary-school-headmaster-suspended-for-engaging-students-in-personal-work/", 
    "http://www.assamtribune.com/scripts/detailsnew.asp?id=mar2618%2Fstate051", 
    "http://www.assamtribune.com/scripts/detailsnew.asp?id=sep0518%2Fstate057", 
    "http://www.centralchronicle.com/primary-school-children-studying-through-digital-medium.html", 
    "http://www.dailyexcelsior.com/chinar-primary-school-organises-sports-day/", 
    "http://www.dnaindia.com/ahmedabad/report-889-amc-run-primary-school-kids-addicted-to-tobacco-gutka-2605365", 
    "http://www.dnaindia.com/india/report-come-clean-shaved-wearing-formals-with-shoes-on-yogi-govt-tells-primary-school-teachers-2633879", 
    "http://www.freepressjournal.in/latest-news/delhi-human-skeleton-found-inside-tank-of-mcd-primary-school-probe-underway/1383265", 
    "http://www.greaterkashmir.com/news/kashmir/govt-primary-school-hajin-lacks-basic-facilities/281499.html", 
    "http://www.newindianexpress.com/nation/2018/jul/25/five-government-primary-school-in-uttar-pradeshs-deoria-having-friday-off-1848312.html", 
    "http://www.newindianexpress.com/states/andhra-pradesh/2018/apr/07/comptroller-and-auditor-general-primary-school-enrolment-on-decline-in-andhra-pradesh-1798174.html", 
    "http://www.newindianexpress.com/states/karnataka/2018/aug/11/primary-school-kids-forced-to-wash-toilets-bikes-in-gokak-teachers-face-enquiry-1856306.html", 
    "http://www.newindianexpress.com/states/kerala/2018/nov/20/kerala-primary-school-teachers-get-acquainted-with-english-education-software-1900533.html", 
    "http://www.newindianexpress.com/states/odisha/2018/apr/09/primary-school-in-a-dilapidated-condition-1798905.html", 
    "http://www.newindianexpress.com/states/odisha/2018/dec/28/odisha-smartphones-to-help-primary-school-students-in-ganjam-district-1917649.html", 
    "http://www.newindianexpress.com/states/odisha/2018/nov/27/primary-school-runs-from-a-shade-1903841.html", 
    "http://www.newindianexpress.com/states/tamil-nadu/2018/nov/20/this-158-year-old-government-primary-school-in-erode-has-only-english-medium-classes-1900664.html", 
    "http://www.newindianexpress.com/thesundaystandard/2018/aug/05/despite-setbacks-aasim-continues-to-fight-for-upgradation-of-his-primary-school-1853325.html", 
    "http://www.newindianexpress.com/world/2018/sep/30/boys-primary-school-blown-up-in-pakistan-1879221.html", 
    "http://www.news18.com/news/india/bjp-mp-cleans-up-clogged-toilet-at-village-primary-school-1664799.html", 
    "http://www.newspatrolling.com/oxford-university-press-launches-a-course-in-tamil-for-primary-school-students/", 
    "http://www.rediff.com/news/report/bjp-mp-cleans-up-clogged-toilet-at-village-primary-school/20180218.htm", 
    "http://www.thehindu.com/news/cities/Coimbatore/starting-of-english-medium-saves-panchayat-union-primary-school-from-closure/article24244593.ece", 
    "https://article.wn.com/view/2018/10/02/Education_for_menstrual_periods_needed_at_primary_school/", 
    "https://article.wn.com/view/2018/10/07/New_future_for_old_primary_school_in_Dumfries_and_Galloway_a/", 
    "https://article.wn.com/view/2018/10/08/Kaasi_Primary_School_Pupils_Sit_On_Bare_Floor_To_Study/", 
    "https://article.wn.com/view/2018/10/08/New_building_at_a_Chorley_primary_school_is_officially_opene/", 
    "https://article.wn.com/view/2018/10/09/Dunvegan_Primary_School/", 
    "https://article.wn.com/view/2018/10/09/Have_your_say_on_Manor_Green_Primary_School_expansion_plans/", 
    "https://article.wn.com/view/2018/10/09/OIPA_Cameroon_creates_the_first_primary_school_animal_welfar/", 
    "https://article.wn.com/view/2018/10/09/Two_primary_school_children_help_their_local_NHS_spread_a_ve/", 
    "https://article.wn.com/view/2018/10/10/Ulster_University_helps_primary_school_pupils_to_understand_/", 
    "https://citytoday.news/govt-primary-school-attenders-demand-minimum-wages/", 
    "https://citytoday.news/selection-counseling-for-primary-school-teachers-100-selected/", 
    "https://indianexpress.com/article/education/haryana-launches-i-am-not-afraid-of-english-programme-for-primary-school-students-5260420/", 
