structure(list(ID = structure(c(2L, 1L, 47L, 46L, 45L, 44L, 43L, 
42L, 41L, 40L, 39L, 38L, 34L, 37L, 36L, 35L, 33L, 32L, 31L, 30L, 
29L, 28L, 27L, 26L, 25L, 24L, 23L, 22L, 21L, 20L, 19L, 18L, 17L, 
16L, 15L, 14L, 13L, 12L, 11L, 10L, 9L, 8L, 7L, 6L, 5L, 4L, 3L
), .Label = c("1012491329", "1022184732", "794578840", "798363309", 
"802493163", "808168368", "818330962", "820653757", "833702623", 
"836806849", "839510617", "842394658", "843519394", "843602257", 
"847679677", "847777456", "854042088", "861638472", "862310802", 
"868264336", "871013961", "871364358", "873724733", "876404319", 
"880571365", "880608625", "896706109", "897457656", "901499385", 
"906373784", "906386180", "906397598", "906434728", "908469079", 
"908550233", "909118516", "909264434", "912016916", "923445732", 
"934809682", "944498473", "958388242", "974030241", "978833056", 
"990250396", "995428475", "996358424"), class = "factor"), url = structure(c(30L, 
17L, 16L, 46L, 42L, 33L, 14L, 18L, 5L, 37L, 47L, 39L, 28L, 43L, 
27L, 40L, 13L, 23L, 36L, 26L, 25L, 9L, 35L, 41L, 38L, 21L, 4L, 
20L, 8L, 32L, 6L, 24L, 31L, 10L, 2L, 11L, 3L, 1L, 15L, 34L, 29L, 
45L, 22L, 12L, 7L, 44L, 19L), .Label = c("http://ahmedabadmirror.indiatimes.com/ahmedabad/cover-story/gujarat-right-to-education-yes-financial-assistance-no-as-800-parents-borrow-money-to-buy-books-uniforms/articleshow/63571937.cms", 
"http://indianexpress.com/article/cities/delhi/right-to-education-ews-students-must-get-books-uniforms-says-doe-5132250/", 
"http://indianexpress.com/article/education/protest-over-provisions-of-rte-act-in-delhi-5122407/", 
"http://indianexpress.com/article/education/right-to-education-admissions-in-surat-cases-to-be-filed-against-2252-parents-over-bogus-income-proof-5189045/", 
"http://www.assamtribune.com/scripts/detailsnew.asp?id=sep1218%2Fstate059", 
"http://www.business-standard.com/article/current-affairs/right-to-education-for-ews-children-what-lies-ahead-after-the-age-of-14-118050401240_1.html", 
"http://www.business-standard.com/article/current-affairs/right-to-education-girls-are-finally-catching-up-with-boys-in-schooling-118012800643_1.html", 
"http://www.dnaindia.com/mumbai/report-hiv-affected-obcs-included-in-25-quota-under-right-to-education-act-maharashtra-government-2616647", 
"http://www.easternmirrornagaland.com/right-to-education/", "http://www.freepressjournal.in/mumbai/bombay-high-court-directs-maharashtra-government-to-implement-right-to-education-effectively/1254826", 
"http://www.freepressjournal.in/mumbai/mumbai-private-schools-to-initiate-voucher-system-for-right-to-education-admissions/1249957", 
"http://www.freepressjournal.in/mumbai/mumbai-right-to-education-admissions-to-begin-from-february-8/1216584", 
"http://www.koimoi.com/bollywood-news/filmmaker-shadab-khan-delhi-47-km-speaks-about-right-to-education/", 
"http://www.newindianexpress.com/cities/bengaluru/2018/oct/20/education-department-proposes-kerala-model-of-right-to-education-1887501.html", 
"http://www.newindianexpress.com/nation/2018/mar/28/only-eight-per-cent-schools-comply-with-right-to-education-act-says-forum-1793474.html", 
"http://www.newindianexpress.com/nation/2018/nov/16/dont-expect-miracles-says-sc-refusing-to-hear-pil-on-right-to-education-act-implementation-1899212.html", 
"http://www.newindianexpress.com/states/karnataka/2018/dec/06/state-all-set-to-amend-rte-act-1907922.html", 
"http://www.newindianexpress.com/states/odisha/2018/oct/01/right-to-education-a-total-failure-says-bjp-mp-varun-gandhi-1879478.html", 
"http://www.newindianexpress.com/states/tamil-nadu/2018/jan/16/tamil-nadu-right-to-education-admission-procedure-to-stay-the-same-1754999.html", 
"http://www.newindianexpress.com/states/tamil-nadu/2018/may/20/over-128-lakh-children-from-tamil-nadu-apply-for-admissions-under-right-to-education-act-1816959.html", 
"http://www.newindianexpress.com/states/tamil-nadu/2018/may/29/tamil-nadu-schools-pick-right-to-education-act-lots-without-displaying-list-of-applicants-1820721.html", 
"http://www.news18.com/news/india/banks-fine-kids-deduct-money-meant-for-school-uniforms-under-rte-ncpcr-sends-summons-1669467.html", 
"http://www.sify.com/news/shadab-khan-speaks-for-right-to-education-through-delhi-47-km-news-others-shqnUReabcahh.html", 
"http://www.thehindu.com/news/cities/Hyderabad/right-to-education-of-nearly-100-children-at-risk/article23763352.ece", 
"https://ahmedabadmirror.indiatimes.com/ahmedabad/cover-story/how-the-right-to-education-is-wronged/articleshow/64890859.cms", 
"https://in.news.yahoo.com/shadab-khan-speaks-education-delhi-47-km-080403177.html", 
"https://scroll.in/article/887182/amendment-scrapping-no-detention-policy-will-weaken-the-entire-right-to-education-act-say-experts", 
"https://scroll.in/latest/887054/lok-sabha-passes-amendment-to-right-to-education-act-that-does-away-with-no-detention-policy", 
"https://swarajyamag.com/ideas/indias-right-to-education-law-gives-children-the-right-to-lottery-not-essentially-education", 
"https://swarajyamag.com/insta/right-to-education-fundamental-authorities-cannot-deny-admission-to-children-at-whim-delhi-high-court", 
"https://timesofindia.indiatimes.com/city/bengaluru/no-right-to-education-seats-in-716-schools/articleshow/63853249.cms", 
"https://timesofindia.indiatimes.com/city/bengaluru/right-to-education-applications-can-be-modified-till-tomorrow/articleshow/64167087.cms", 
"https://timesofindia.indiatimes.com/city/mumbai/right-to-education-aspirants-growing-in-mumbai-but-short-on-options-in-their-localities/articleshow/66370655.cms", 
"https://timesofindia.indiatimes.com/city/mumbai/schools-turn-away-right-to-education-seat-students/articleshow/63422106.cms", 
"https://timesofindia.indiatimes.com/videos/city/delhi/daily-wagers-son-gets-prosthetic-arm-from-delhi-govt-by-invoking-right-to-education-act/videoshow/64798993.cms", 
"https://www.business-standard.com/article/news-ians/shadab-khan-speaks-for-right-to-education-through-delhi-47-km-118071600396_1.html", 
"https://www.business-standard.com/article/pti-stories/hp-hc-seeks-govt-s-stand-on-students-plea-alleging-breach-of-right-to-education-118082901227_1.html", 
"https://www.business-standard.com/article/pti-stories/pil-in-hc-for-proper-implementation-of-right-to-education-act-118060400483_1.html", 
"https://www.deccanchronicle.com/nation/current-affairs/250718/right-to-education-in-private-schools-in-telangana-state-a-distant-d.html", 
"https://www.financialexpress.com/education-2/amendment-to-right-to-education-act-approved-in-lok-sabha-no-detention-policy-in-schools-scrapped/1250497/", 
"https://www.firstpost.com/india/pil-moved-in-delhi-high-court-seeks-proper-execution-of-right-to-education-act-4495221.html", 
"https://www.hindustantimes.com/pune-news/new-rule-on-right-to-education-to-cause-delay-in-admission-process/story-bM2NmydEBUcpruGHyAhaJK.html", 
"https://www.indiatoday.in/education-today/news/story/no-detention-policy-scrapping-the-policy-will-weaken-right-to-education-act-say-experts-1291011-2018-07-20", 
"https://www.indiatoday.in/technology/news/story/apple-joins-hands-with-malala-fund-to-fight-for-right-to-education-for-girls-1151211-2018-01-22", 
"https://www.news18.com/news/india/banks-fine-kids-deduct-money-meant-for-school-uniforms-under-rte-ncpcr-sends-summons-1669467.html", 
"https://www.thehindu.com/news/national/kerala/samanwaya-brings-the-right-to-education-to-transpersons/article25509942.ece", 
"https://www.thehindu.com/opinion/open-page/the-right-to-education/article24666396.ece"
), class = "factor"), details = list(structure(list(), .Names = character(0), row.names = integer(0), class = "data.frame"), 
    structure(list(), .Names = character(0), row.names = integer(0), class = "data.frame"), 
    structure(list(), .Names = character(0), row.names = integer(0), class = "data.frame"), 
    structure(list(uri = "navamy_sudhish@thehindu.com", name = "Navamy Sudhish", 
        type = "author", isAgency = FALSE),