structure(list(ID = structure(c(20L, 19L, 18L, 17L, 16L, 15L, 
14L, 13L, 12L, 11L, 10L, 9L, 8L, 7L, 6L, 5L, 4L, 3L, 2L, 1L, 
100L, 99L, 98L, 97L, 96L, 95L, 94L, 93L, 92L, 91L, 90L, 89L, 
88L, 87L, 86L, 85L, 84L, 83L, 82L, 81L, 80L, 79L, 78L, 77L, 76L, 
75L, 74L, 72L, 73L, 71L, 70L, 69L, 68L, 67L, 66L, 65L, 64L, 63L, 
62L, 61L, 60L, 59L, 58L, 57L, 56L, 55L, 54L, 53L, 52L, 51L, 50L, 
49L, 48L, 47L, 46L, 45L, 44L, 43L, 42L, 41L, 40L, 39L, 38L, 37L, 
36L, 35L, 34L, 33L, 32L, 31L, 30L, 29L, 28L, 27L, 26L, 25L, 24L, 
23L, 22L, 21L, 20L, 19L, 18L, 17L, 16L, 15L, 14L, 13L, 12L, 11L, 
10L, 9L, 8L, 7L, 6L, 5L, 4L, 3L, 2L, 1L, 100L, 99L, 98L, 97L, 
96L, 95L, 94L, 93L, 92L, 91L, 90L, 89L, 88L, 87L, 86L, 85L, 84L, 
83L, 82L, 81L, 80L, 79L, 78L, 77L, 76L, 75L, 74L, 72L, 73L, 71L, 
70L, 69L, 68L, 67L, 66L, 65L, 64L, 63L, 62L, 61L, 60L, 59L, 58L, 
57L, 56L, 55L, 54L, 53L, 52L, 51L, 50L, 49L, 48L, 47L, 46L, 45L, 
44L, 43L, 42L, 41L, 40L, 39L, 38L, 37L, 36L, 35L, 34L, 33L, 32L, 
31L, 30L, 29L, 28L, 27L, 26L, 25L, 24L, 23L, 22L, 21L, 20L, 19L, 
18L, 17L, 16L, 15L, 14L, 13L, 12L, 11L, 10L, 9L, 8L, 7L, 6L, 
5L, 4L, 3L, 2L, 1L, 100L, 99L, 98L, 97L, 96L, 95L, 94L, 93L, 
92L, 91L, 90L, 89L, 88L, 87L, 86L, 85L, 84L, 83L, 82L, 81L, 80L, 
79L, 78L, 77L, 76L, 75L, 74L, 72L, 73L, 71L, 70L, 69L, 68L, 67L, 
66L, 65L, 64L, 63L, 62L, 61L, 60L, 59L, 58L, 57L, 56L, 55L, 54L, 
53L, 52L, 51L, 50L, 49L, 48L, 47L, 46L, 45L, 44L, 43L, 42L, 41L, 
40L, 39L, 38L, 37L, 36L, 35L, 34L, 33L, 32L, 31L, 30L, 29L, 28L, 
27L, 26L, 25L, 24L, 23L, 22L, 21L, 20L, 19L, 18L, 17L, 16L, 15L, 
14L, 13L, 12L, 11L, 10L, 9L, 8L, 7L, 6L, 5L, 4L, 3L, 2L, 1L, 
100L, 99L, 98L, 97L, 96L, 95L, 94L, 93L, 92L, 91L, 90L, 89L, 
88L, 87L, 86L, 85L, 84L, 83L, 82L, 81L, 80L, 79L, 78L, 77L, 76L, 
75L, 74L, 72L, 73L, 71L, 70L, 69L, 68L, 67L, 66L, 65L, 64L, 63L, 
62L, 61L, 60L, 59L, 58L, 57L, 56L, 55L, 54L, 53L, 52L, 51L, 50L, 
49L, 48L, 47L, 46L, 45L, 44L, 43L, 42L, 41L, 40L, 39L, 38L, 37L, 
36L, 35L, 34L, 33L, 32L, 31L, 30L, 29L, 28L, 27L, 26L, 25L, 24L, 
23L, 22L, 21L), .Label = c("1000992357", "1004099824", "1011300238", 
"1011431526", "1011671737", "1011749051", "1012298235", "1012889475", 
"1013506497", "1014558178", "1015789453", "1016976661", "1020452773", 
"1022079822", "1023774854", "1024431374", "1025421508", "1027571301", 
"1028651656", "1029889288", "907654599", "907704669", "908085936", 
"908296238", "908383770", "909006321", "909072961", "909737923", 
"910988739", "911078406", "911289131", "911448801", "911710973", 
"912137052", "912184294", "912671365", "912795818", "912897853", 
"914881009", "915058524", "915386189", "915826870", "915887436", 
"916006713", "916066341", "917539304", "918216592", "918803332", 
"918836548", "919715461", "922224223", "922243120", "922263581", 
"922568164", "922587198", "923070107", "923112137", "924539941", 
"925264002", "925308481", "925355946", "925829875", "928807874", 
"929807787", "934273306", "934275620", "940284707", "944299056", 
"944475739", "944487388", "944525437", "946209737", "946209739", 
"946244408", "948869552", "948916982", "949058636", "951109059", 
"951364096", "951375835", "954764524", "955450396", "955688325", 
"962757788", "965203062", "973789494", "973935924", "976197644", 
"986274888", "986417860", "987559925", "992821897", "993194109", 
"994026128", "996150890", "996161307", "996164136", "996193000", 
"996221263", "996285817"), class = "factor"), url = structure(c(37L, 
45L, 94L, 49L, 2L, 3L, 88L, 46L, 96L, 1L, 48L, 59L, 47L, 99L, 
22L, 42L, 98L, 43L, 38L, 21L, 69L, 27L, 66L, 83L, 85L, 73L, 60L, 
36L, 28L, 89L, 82L, 95L, 34L, 75L, 97L, 4L, 57L, 76L, 68L, 33L, 
31L, 81L, 72L, 51L, 50L, 65L, 80L, 86L, 87L, 67L, 29L, 30L, 90L, 
35L, 78L, 77L, 44L, 79L, 53L, 39L, 7L, 24L, 5L, 16L, 17L, 62L, 
91L, 93L, 71L, 18L, 20L, 64L, 58L, 26L, 54L, 40L, 10L, 23L, 100L, 
63L, 55L, 56L, 9L, 6L, 70L, 41L, 13L, 52L, 15L, 14L, 92L, 74L, 
8L, 12L, 25L, 84L, 32L, 19L, 61L, 11L, 37L, 45L, 94L, 49L, 2L, 
3L, 88L, 46L, 96L, 1L, 48L, 59L, 47L, 99L, 22L, 42L, 98L, 43L, 
38L, 21L, 69L, 27L, 66L, 83L, 85L, 73L, 60L, 36L, 28L, 89L, 82L, 
95L, 34L, 75L, 97L, 4L, 57L, 76L, 68L, 33L, 31L, 81L, 72L, 51L, 
50L, 65L, 80L, 86L, 87L, 67L, 29L, 30L, 90L, 35L, 78L, 77L, 44L, 
79L, 53L, 39L, 7L, 24L, 5L, 16L, 17L, 62L, 91L, 93L, 71L, 18L, 
20L, 64L, 58L, 26L, 54L, 40L, 10L, 23L, 100L, 63L, 55L, 56L, 
9L, 6L, 70L, 41L, 13L, 52L, 15L, 14L, 92L, 74L, 8L, 12L, 25L, 
84L, 32L, 19L, 61L, 11L, 37L, 45L, 94L, 49L, 2L, 3L, 88L, 46L, 
96L, 1L, 48L, 59L, 47L, 99L, 22L, 42L, 98L, 43L, 38L, 21L, 69L, 
27L, 66L, 83L, 85L, 73L, 60L, 36L, 28L, 89L, 82L, 95L, 34L, 75L, 
97L, 4L, 57L, 76L, 68L, 33L, 31L, 81L, 72L, 51L, 50L, 65L, 80L, 
86L, 87L, 67L, 29L, 30L, 90L, 35L, 78L, 77L, 44L, 79L, 53L, 39L, 
7L, 24L, 5L, 16L, 17L, 62L, 91L, 93L, 71L, 18L, 20L, 64L, 58L, 
26L, 54L, 40L, 10L, 23L, 100L, 63L, 55L, 56L, 9L, 6L, 70L, 41L, 
13L, 52L, 15L, 14L, 92L, 74L, 8L, 12L, 25L, 84L, 32L, 19L, 61L, 
11L, 37L, 45L, 94L, 49L, 2L, 3L, 88L, 46L, 96L, 1L, 48L, 59L, 
47L, 99L, 22L, 42L, 98L, 43L, 38L, 21L, 69L, 27L, 66L, 83L, 85L, 
73L, 60L, 36L, 28L, 89L, 82L, 95L, 34L, 75L, 97L, 4L, 57L, 76L, 
68L, 33L, 31L, 81L, 72L, 51L, 50L, 65L, 80L, 86L, 87L, 67L, 29L, 
30L, 90L, 35L, 78L, 77L, 44L, 79L, 53L, 39L, 7L, 24L, 5L, 16L, 
17L, 62L, 91L, 93L, 71L, 18L, 20L, 64L, 58L, 26L, 54L, 40L, 10L, 
23L, 100L, 63L, 55L, 56L, 9L, 6L, 70L, 41L, 13L, 52L, 15L, 14L, 
92L, 74L, 8L, 12L, 25L, 84L, 32L, 19L, 61L, 11L),