structure(list(ID = structure(c(6L, 5L, 4L, 3L, 2L, 1L, 94L, 
93L, 92L, 91L, 90L, 89L, 88L, 87L, 86L, 85L, 84L, 83L, 82L, 81L, 
80L, 79L, 78L, 77L, 76L, 75L, 74L, 73L, 72L, 71L, 70L, 69L, 68L, 
67L, 66L, 65L, 64L, 63L, 62L, 61L, 60L, 59L, 58L, 57L, 56L, 55L, 
54L, 53L, 52L, 51L, 50L, 49L, 48L, 47L, 46L, 45L, 44L, 43L, 42L, 
41L, 40L, 39L, 38L, 37L, 36L, 35L, 34L, 33L, 32L, 31L, 30L, 29L, 
28L, 27L, 25L, 26L, 24L, 23L, 22L, 21L, 20L, 19L, 18L, 17L, 16L, 
15L, 14L, 13L, 12L, 11L, 10L, 9L, 8L, 7L), .Label = c("1013781143", 
"1014362093", "1027354338", "1029010312", "1029153003", "1029205077", 
"787296350", "787833010", "791550294", "794821722", "806197727", 
"815268950", "815536815", "815994883", "819447204", "819452267", 
"819465371", "826047260", "827857018", "841103122", "841103776", 
"844257043", "852534020", "852700858", "853246140", "854466319", 
"857623175", "858509642", "861157280", "874209344", "883545540", 
"883563607", "883775672", "884279580", "886756669", "893271473", 
"895891746", "902679583", "903526204", "903566294", "908688818", 
"909505564", "909528233", "913801357", "914419146", "914768663", 
"916605348", "922170996", "922208040", "922587197", "922745604", 
"922849279", "923012051", "923606034", "924373741", "924387438", 
"930020827", "930454370", "931598601", "933272382", "934062327", 
"934345333", "934364798", "934402673", "934421416", "934501903", 
"934545984", "940245142", "940427916", "941056628", "942342060", 
"943116169", "944656282", "944687059", "944698944", "945269089", 
"945283593", "952828700", "952842306", "952943987", "953039060", 
"957374362", "960732385", "964695269", "965763784", "975896602", 
"976022354", "980088690", "981528288", "983327773", "984083483", 
"997615876", "997624480", "998635249"), class = "factor"), url = structure(c(74L, 
71L, 87L, 72L, 12L, 17L, 91L, 31L, 21L, 39L, 94L, 61L, 32L, 57L, 
14L, 92L, 15L, 4L, 56L, 75L, 55L, 82L, 69L, 41L, 5L, 64L, 35L, 
62L, 59L, 42L, 53L, 45L, 44L, 24L, 80L, 84L, 86L, 7L, 70L, 76L, 
6L, 38L, 40L, 51L, 89L, 90L, 78L, 9L, 67L, 79L, 58L, 26L, 66L, 
88L, 43L, 85L, 48L, 28L, 68L, 46L, 65L, 63L, 47L, 93L, 77L, 20L, 
50L, 52L, 49L, 60L, 3L, 8L, 23L, 19L, 16L, 1L, 83L, 18L, 54L, 
29L, 13L, 27L, 73L, 22L, 25L, 81L, 37L, 36L, 34L, 10L, 2L, 11L, 
33L, 30L), .Label = c("http://indianexpress.com/article/india/jammu-kashmir-government-orders-probe-into-construction-of-high-school-building-5146905/", 
"http://maldivesindependent.com/crime-2/student-attacked-inside-male-school-building-135201", 
"http://meghalayatimes.info/index.php/front-page/42397-demands-inquiry-while-alleging-misuse-of-public-funds", 
"http://risingkashmir.com/news/9-years-on-govt-fails-to-construct-school-building-at-pulwamas-banjren", 
"http://risingkashmir.com/news/dilapidated-school-building-at-wakherwan-risks-lives-of-students-", 
"http://risingkashmir.com/news/locals-object-to-construction-of-school-building-on-playfield-", 
"http://www.asianage.com/india/all-india/290818/tripura-boy-jumps-off-school-building-after-teachers-force-him-to-get-rakhi-tied-by-girlfriend.html", 
"http://www.asianage.com/metros/delhi/030518/girl-falls-from-3rd-floor-of-govt-school-building.html", 
"http://www.asianage.com/metros/delhi/110818/hc-ask-centre-govt-to-decide-on-dilapidated-school-building.html", 
"http://www.assamtribune.com/scripts/detailsnew.asp?id=feb0418%2Fstate052", 
"http://www.assamtribune.com/scripts/detailsnew.asp?id=jan1118%2Fat057", 
"http://www.dailyexcelsior.com/roofless-school-building/", "http://www.dailyexcelsior.com/school-building-damaged-in-fire-3/", 
"http://www.dailyexcelsior.com/students-villagers-protest-demand-repair-school-building-2/", 
"http://www.dailyexcelsior.com/students-villagers-protest-demand-repair-school-building/", 
"http://www.dailyexcelsior.com/students-villagers-protest-repair-school-building/", 
"http://www.easternmirrornagaland.com/cec-phangsang-appeals-authority-to-renovate-school-building/", 
"http://www.easternmirrornagaland.com/new-school-building-inaugurated-in-zunheboto/", 
"http://www.easternmirrornagaland.com/rajya-sabha-mp-inaugurates-school-building-in-khomi/", 
"http://www.easternmirrornagaland.com/tizit-students-appeal-for-new-school-building/", 
"http://www.easternmirrornagaland.com/wokha-school-building-gets-an-annexe/", 
"http://www.firstpost.com/india/bihar-nine-children-killed-24-others-injured-as-out-of-control-vehicle-rams-into-school-building-4365199.html", 
"http://www.freepressjournal.in/headlines/odisha-5-year-old-girl-raped-by-two-minor-boys-inside-school-building/1266518", 
"http://www.freepressjournal.in/headlines/raksha-bandhan-tripura-boy-jumps-off-school-building-after-teachers-force-him-to-get-rakhi-tied-from-girl/1345302", 
"http://www.ibtimes.co.in/bihar-suv-rams-into-school-building-killing-9-students-24-injured-761762", 
"http://www.newindianexpress.com/cities/delhi/2018/aug/09/delhi-government-admits-in-high-court-99-year-old-school-building-dilapidated-unsafe-for-kids-1855580.html", 
"http://www.newindianexpress.com/cities/hyderabad/2018/mar/09/two-students-jump-off-school-building-1784287.html", 
"http://www.newindianexpress.com/nation/2018/jul/20/allahabad-hc-directs-restoration-of-school-building-in-front-of-bjp-mps-house-1846243.html", 
"http://www.newindianexpress.com/nation/2018/mar/30/jammu-and-kashmir-school-building-damaged-in-fire-1794729.html", 
"http://www.newindianexpress.com/states/odisha/2018/jan/03/no-school-building-classes-in-open-1743174.html", 
"http://www.newindianexpress.com/states/odisha/2018/nov/18/school-building-unsafe-classes-held-under-tree-1899784.html", 
"http://www.newindianexpress.com/states/tamil-nadu/2018/oct/27/foundation-laid-for-tamil-association-school-building-1890607.html", 
"http://www.newindianexpress.com/states/telangana/2018/jan/04/denied-leave-kgbv-student--jumps-off-school-building-1744134.html", 
"http://www.news18.com/news/india/activists-launch-campaign-to-protect-156-year-old-malabar-school-building-1664497.html", 
"http://www.sify.com/news/j-k-students-teachers-enjoy-new-school-building-in-rajouri-news-national-sjmkNyijbcbdd.html", 
"http://www.thehindu.com/news/cities/kozhikode/plan-to-pull-down-school-building-sparks-debate/article22792017.ece", 
"http://www.thehindu.com/news/national/tamil-nadu/experts-from-iitm-incubated-firm-test-stability-of-school-building-ramanathapuram/article22798934.ece", 
"http://www.theshillongtimes.com/2018/08/25/pala-lays-base-for-school-building-in-jowai/", 
"http://www.theshillongtimes.com/2018/11/01/nongpoh-mla-concerned-over-delay-in-construction-of-school-building/", 
"http://zeenews.india.com/uttar-pradesh/minor-girl-gang-raped-inside-school-building-in-ups-badaun-succumbs-to-injuries-2135436.html", 
"https://indianexpress.com/article/cities/ludhiana/nhai-notice-to-vacate-school-building-effort-from-teacher-education-secretary-saves-building-from-being-razed-5353319/", 
"https://indianexpress.com/article/india/despite-objections-old-school-building-at-purana-qila-is-removed-during-facelift-project-5346814/", 
"https://indianexpress.com/article/india/no-action-yet-on-crumbling-school-building-despite-four-letters-by-head/", 
"https://kashmirobserver.net/2018/local-news/mysterious-fire-guts-govt-school-building-budam-village-35745", 
"https://kashmirobserver.net/2018/local-news/mysterious-fire-guts-govt-school-building-budgam-village-35745", 
"https://timesofindia.indiatimes.com/city/bengaluru/new-air-force-school-building-in-bengaluru-inaugurated/articleshow/65054301.cms", 
"https://timesofindia.indiatimes.com/city/bhubaneswar/no-school-building-kalahandi-pupils-attend-class-in-temple/articleshow/64929565.cms", 
"https://timesofindia.indiatimes.com/city/bhubaneswar/unsafe-school-building-forces-kids-to-study-in-make-shift-classrooms/articleshow/65160091.cms", 
"https://timesofindia.indiatimes.com/city/chennai/teenage-migrant-worker-dies-as-under-construction-school-building-collapses-in-tn/articleshow/64510047.cms", 
