structure(list(ID = structure(c(8L, 7L, 6L, 5L, 4L, 3L, 2L, 1L, 
30L, 29L, 28L, 27L, 26L, 25L, 24L, 23L, 22L, 21L, 20L, 19L, 18L, 
17L, 16L, 15L, 14L, 13L, 12L, 11L, 10L, 9L), .Label = c("1003753056", 
"1012370869", "1018315380", "1019472918", "1019494672", "1019498264", 
"1019671323", "1026758211", "797813448", "797858559", "808405492", 
"822430271", "829314946", "856404453", "864168038", "864274767", 
"879894288", "880308917", "903045787", "903053868", "925769771", 
"930704965", "930895204", "941698271", "949383282", "960389554", 
"962441479", "964603694", "966287148", "969419629"), class = "factor"), 
    url = structure(c(11L, 26L, 19L, 8L, 18L, 13L, 2L, 16L, 28L, 
    21L, 29L, 27L, 12L, 22L, 5L, 24L, 25L, 30L, 7L, 20L, 6L, 
    1L, 9L, 23L, 4L, 10L, 15L, 3L, 17L, 14L), .Label = c("http://indianexpress.com/article/cities/pune/itdp-ghodegaon-to-strengthen-school-management-committees-5201950/", 
    "http://www.asianage.com/metros/mumbai/071218/mumbai-schools-may-get-school-management-committee.html", 
    "http://www.dnaindia.com/india/report-uttar-pradesh-student-dies-after-teacher-slaps-her-school-management-claims-epileptic-seizure-2582406", 
    "http://www.freepressjournal.in/latest-news/bhopal-school-management-skips-meeting-adm-orders-enquiry-on-anomalies-reported-by-parents/1264564", 
    "http://www.newindianexpress.com/states/kerala/2018/sep/08/dc-school-of-management-and-technology-student-brutally-beaten-up-by-group-of-seniors-1869019.html", 
    "http://www.newindianexpress.com/states/tamil-nadu/2018/jun/04/new-initiative-to-ensure-formation-of-school-management-committees-in-tamil-nadu-and-puducherry-1823379.html", 
    "http://www.sify.com/news/private-school-management-booked-for-detaining-minors-over-fees-news-others-shkxqQdjiehbe.html", 
    "http://www.sify.com/news/toddler-died-after-drowning-parents-blame-school-management-for-negligence-news-national-smqfcDaigfjaj.html", 
    "http://www.thehindu.com/brandhub/sda-bocconi-school-of-management-launches-its-asia-center-in-mumbai/article23813008.ece", 
    "http://www.thehindu.com/education/the-complete-package-mba-at-iseg-school-of-management/article23030826.ece", 
    "http://zeenews.india.com/education/gmac-includes-xavier-university-bhubaneswar-escp-europe-and-whu-otto-beisheim-school-of-management-as-member-institutes-2166061.html", 
    "https://article.wn.com/view/2018/10/03/Metro_Bank_launches_MSc_in_Retail_and_Digital_Banking_with_C/", 
    "https://swarajyamag.com/insta/kerala-school-management-association-expels-general-secretary-over-fund-appropriation-without-cbse-permission-2", 
    "https://timesofindia.indiatimes.com/city/chandigarh/punish-boy-father-school-management/articleshow/62587496.cms", 
    "https://timesofindia.indiatimes.com/city/coimbatore/grg-school-of-management-launches-coffee-table-book-on-its-silver-jubilee/articleshow/63117758.cms", 
    "https://timesofindia.indiatimes.com/home/education/news/internationalimmersion-programme-a-step-towardsbecoming-a-global-manager-at-fore-school-of-management-new-delhi/articleshow/66814371.cms", 
    "https://timesofindia.indiatimes.comhome/education/news/punish-boy-father-school-management/articleshow/62587496.cms", 
    "https://www.aninews.in/news/toddler-died-after-drowning-parents-blame-school-management-for-negligence201812160401150001/", 
    "https://www.business-standard.com/article/news-ani/toddler-died-after-drowning-parents-blame-school-management-for-negligence-118121600041_1.html", 
    "https://www.business-standard.com/article/news-ians/private-school-management-booked-for-detaining-minors-over-fees-118071001463_1.html", 
    "https://www.business-standard.com/article/pti-stories/decision-to-okay-school-management-committee-funds-a-game-changer-kejriwal-118101001048_1.html", 
    "https://www.business-standard.com/article/pti-stories/school-management-committees-in-delhi-to-be-known-as-vidyalaya-kalyan-samitis-118091801120_1.html", 
    "https://www.financialexpress.com/sponsored/sda-bocconi-school-of-management-launches-its-asia-center-in-mumbai/1159541/", 
    "https://www.latestly.com/india/news/jnu-executive-council-proposes-to-name-school-of-management-entrepreneurship-as-atal-bihari-vaajpayee-school-of-management-in-honour-of-former-prime-minister-341241.html", 
    "https://www.news18.com/news/india/jnus-school-of-management-added-to-long-list-of-things-to-be-renamed-after-vajpayee-1854893.html", 
    "https://www.siasat.com/news/toddler-died-after-drowning-parents-blame-school-management-negligence-1446154/", 
    "https://www.thehindu.com/news/cities/bangalore/complaint-against-school-management-at-kscpcr/article25137695.ece", 
    "https://www.thehindu.com/news/cities/bangalore/private-school-management-president-stabbed-to-death/article25222459.ece", 
    "https://www.thehindu.com/news/cities/kozhikode/school-management-firm-on-opposition-to-heritage-tag/article25160885.ece", 
    "https://www.thehindubusinessline.com/news/grg-school-of-management-wins-2nd-semi-final/article24698368.ece"
    ), class = "factor"), details = list(structure(list(), .Names = character(0), row.names = integer(0), class = "data.frame"), 
        structure(list(), .Names = character(0), row.names = integer(0), class = "data.frame"), 
        structure(list(), .Names = character(0), row.names = integer(0), class = "data.frame"), 
        structure(list(), .Names = character(0), row.names = integer(0), class = "data.frame"), 
        structure(list(), .Names = character(0), row.names = integer(0), class = "data.frame"), 
        structure(list(), .Names = character(0), row.names = integer(0), class = "data.frame"), 
        structure(list(), .Names = character(0), row.names = integer(0), class = "data.frame"), 
        structure(list(), .Names = character(0), row.names = integer(0), class = "data.frame"), 
        structure(list(), .Names = character(0), row.names = integer(0), class = "data.frame"), 
        structure(list(), .Names = character(0), row.names = integer(0), class = "data.frame"), 
        structure(list(), .Names = character(0), row.names = integer(0), class = "data.frame"), 
        structure(list(), .Names = character(0), row.names = integer(0), class = "data.frame"), 
        structure(list(), .Names = character(0), row.names = integer(0), class = "data.frame"), 
        structure(list(), .Names = character(0), row.names = integer(0), class = "data.frame"), 
        structure(list(), .Names = character(0), row.names = integer(0), class = "data.frame"), 
        structure(list(uri = "team_latestly@latestly.com", name = "Team Latestly", 
            type = "author", isAgency = FALSE), class = "data.frame", row.names = 1L), 
        structure(list(), .Names = character(0), row.names = integer(0), class = "data.frame"), 
        structure(list(), .Names = character(0), row.names = integer(0), class = "data.frame"), 
        structure(list(), .Names = character(0), row.names = integer(0), class = "data.frame"), 
        structure(list(), .Names = character(0), row.names = integer(0), class = "data.frame"), 
        structure(list(), .Names = character(0), row.names = integer(0), class = "data.frame"), 
        structure(list(), .Names = character(0), row.names = integer(0), class = "data.frame"), 
        structure(list(), .Names = character(0), row.names = integer(0), class = "data.frame"), 
        structure(list(), .Names = character(0), row.names = integer(0), class = "data.frame"), 
        structure(list(), .Names = character(0), row.names = integer(0), class = "data.frame"), 
        structure(list(), .Names = character(0), row.names = integer(0), class = "data.frame"), 
        structure(list(), .Names = character(0), row.names = integer(0), class = "data.frame"), 
        structure(list(), .Names = character(0), row.names = integer(0), class = "data.frame"), 
        structure(list(), .Names = character(0), row.names = integer(0), class = "data.frame"), 
        structure(list(),