structure(list(ID = structure(c(13L, 12L, 11L, 10L, 9L, 14L, 
8L, 7L, 6L, 5L, 4L, 3L, 2L, 1L, 100L, 99L, 98L, 97L, 96L, 95L, 
94L, 93L, 92L, 91L, 90L, 89L, 88L, 87L, 86L, 85L, 84L, 83L, 82L, 
81L, 80L, 79L, 78L, 77L, 76L, 75L, 74L, 73L, 72L, 71L, 70L, 69L, 
68L, 67L, 66L, 65L, 64L, 63L, 62L, 61L, 60L, 59L, 58L, 57L, 56L, 
55L, 54L, 53L, 52L, 51L, 50L, 49L, 48L, 47L, 46L, 45L, 44L, 43L, 
42L, 41L, 40L, 39L, 38L, 37L, 36L, 35L, 34L, 33L, 32L, 31L, 30L, 
29L, 28L, 27L, 26L, 25L, 24L, 23L, 22L, 21L, 20L, 19L, 18L, 17L, 
16L, 15L, 13L, 12L, 11L, 10L, 9L, 14L, 8L, 7L, 6L, 5L, 4L, 3L, 
2L, 1L, 100L, 99L, 98L, 97L, 96L, 95L, 94L, 93L, 92L, 91L, 90L, 
89L, 88L, 87L, 86L, 85L, 84L, 83L, 82L, 81L, 80L, 79L, 78L, 77L, 
76L, 75L, 74L, 73L, 72L, 71L, 70L, 69L, 68L, 67L, 66L, 65L, 64L, 
63L, 62L, 61L, 60L, 59L, 58L, 57L, 56L, 55L, 54L, 53L, 52L, 51L, 
50L, 49L, 48L, 47L, 46L, 45L, 44L, 43L, 42L, 41L, 40L, 39L, 38L, 
37L, 36L, 35L, 34L, 33L, 32L, 31L, 30L, 29L, 28L, 27L, 26L, 25L, 
24L, 23L, 22L, 21L, 20L, 19L, 18L, 17L, 16L, 15L, 13L, 12L, 11L, 
10L, 9L, 14L, 8L, 7L, 6L, 5L, 4L, 3L, 2L, 1L, 100L, 99L, 98L, 
97L, 96L, 95L, 94L, 93L, 92L, 91L, 90L, 89L, 88L, 87L, 86L, 85L, 
84L, 83L, 82L, 81L, 80L, 79L, 78L, 77L, 76L, 75L, 74L, 73L, 72L, 
71L, 70L, 69L, 68L, 67L, 66L, 65L, 64L, 63L, 62L, 61L, 60L, 59L, 
58L, 57L, 56L, 55L, 54L, 53L, 52L, 51L, 50L, 49L, 48L, 47L, 46L, 
45L, 44L, 43L, 42L, 41L, 40L, 39L, 38L, 37L, 36L, 35L, 34L, 33L, 
32L, 31L, 30L, 29L, 28L, 27L, 26L, 25L, 24L, 23L, 22L, 21L, 20L, 
19L, 18L, 17L, 16L, 15L), .Label = c("1009832113", "1019717566", 
"1020406339", "1020421439", "1020465249", "1020471614", "1020578187", 
"1020587178", "1021209273", "1021630194", "1022916876", "1023506972", 
"1028819282", "2018-12-1021036540", "937315140", "937358380", 
"938102026", "938252117", "938472465", "941860128", "941913010", 
"944271743", "944663360", "944949481", "945575237", "947641097", 
"947712878", "947885873", "947889395", "948235770", "948239189", 
"948258523", "948319419", "949088596", "949258510", "950202896", 
"950544076", "950628412", "950629164", "951100968", "951427424", 
"954349303", "954586882", "955003785", "956418543", "956589172", 
"956648825", "956819445", "957328872", "957333271", "957347521", 
"957347777", "957478190", "966332582", "969243574", "969256305", 
"969257941", "969265676", "969267160", "969273085", "969398058", 
"969536322", "969555213", "969562361", "969563052", "969571897", 
"969579571", "969584894", "969593658", "969595555", "969596870", 
"969599601", "969608678", "969612615", "969632189", "969695868", 
"969712302", "969714532", "969853384", "969917257", "970219142", 
"970425472", "972509765", "973271869", "974709827", "977447976", 
"977891516", "977965754", "979830702", "980556095", "982154045", 
"982205117", "982218799", "982289926", "982369819", "982867103", 
"987525648", "987962548", "988670878", "993830195"), class = "factor"), 
    url = structure(c(11L, 62L, 1L, 96L, 94L, 31L, 55L, 69L, 
    29L, 56L, 83L, 90L, 72L, 33L, 63L, 65L, 12L, 46L, 7L, 18L, 
    73L, 42L, 91L, 54L, 81L, 78L, 39L, 15L, 47L, 36L, 27L, 95L, 
    64L, 8L, 2L, 97L, 86L, 40L, 85L, 3L, 75L, 100L, 92L, 99L, 
    19L, 20L, 74L, 93L, 66L, 4L, 59L, 22L, 79L, 60L, 10L, 26L, 
    53L, 58L, 87L, 6L, 41L, 43L, 45L, 21L, 82L, 44L, 77L, 16L, 
    9L, 17L, 84L, 48L, 71L, 23L, 51L, 67L, 28L, 24L, 88L, 70L, 
    80L, 76L, 98L, 61L, 5L, 13L, 50L, 37L, 30L, 35L, 34L, 14L, 
    49L, 32L, 38L, 68L, 89L, 52L, 57L, 25L, 11L, 62L, 1L, 96L, 
    94L, 31L, 55L, 69L, 29L, 56L, 83L, 90L, 72L, 33L, 63L, 65L, 
    12L, 46L, 7L, 18L, 73L, 42L, 91L, 54L, 81L, 78L, 39L, 15L, 
    47L, 36L, 27L, 95L, 64L, 8L, 2L, 97L, 86L, 40L, 85L, 3L, 
    75L, 100L, 92L, 99L, 19L, 20L, 74L, 93L, 66L, 4L, 59L, 22L, 
    79L, 60L, 10L, 26L, 53L, 58L, 87L, 6L, 41L, 43L, 45L, 21L, 
    82L, 44L, 77L, 16L, 9L, 17L, 84L, 48L, 71L, 23L, 51L, 67L, 
    28L, 24L, 88L, 70L, 80L, 76L, 98L, 61L, 5L, 13L, 50L, 37L, 
    30L, 35L, 34L, 14L, 49L, 32L, 38L, 68L, 89L, 52L, 57L, 25L, 
    11L, 62L, 1L, 96L, 94L, 31L, 55L, 69L, 29L, 56L, 83L, 90L, 
    72L, 33L, 63L, 65L, 12L, 46L, 7L, 18L, 73L, 42L, 91L, 54L, 
    81L, 78L, 39L, 15L, 47L, 36L, 27L, 95L, 64L, 8L, 2L, 97L, 
    86L, 40L, 85L, 3L, 75L, 100L, 92L, 99L, 19L, 20L, 74L, 93L, 
    66L, 4L, 59L, 22L, 79L, 60L, 10L, 26L, 53L, 58L, 87L, 6L, 
    41L, 43L, 45L, 21L, 82L, 44L, 77L, 16L, 9L, 17L, 84L, 48L, 
    71L, 23L, 51L, 67L, 28L, 24L, 88L, 70L, 80L, 76L, 98L, 61L, 
    5L, 13L, 50L, 37L, 30L, 35L, 34L, 14L, 49L, 32L, 38L, 68L, 
    89L, 52L, 57L, 25L),