structure(list(ID = structure(c(7L, 6L, 5L, 4L, 3L, 2L, 1L, 52L, 
51L, 50L, 49L, 48L, 47L, 46L, 45L, 44L, 43L, 42L, 41L, 40L, 39L, 
38L, 37L, 36L, 35L, 34L, 33L, 32L, 31L, 30L, 29L, 28L, 27L, 26L, 
25L, 24L, 23L, 22L, 21L, 20L, 19L, 18L, 16L, 17L, 15L, 14L, 13L, 
12L, 11L, 10L, 9L, 8L), .Label = c("1000171356", "1000191073", 
"1000199660", "1000517124", "1013515252", "1014573667", "1029350279", 
"791373906", "797697965", "805228768", "805396990", "850652177", 
"850932229", "874042438", "874111928", "897019593", "897028553", 
"897311439", "898611223", "899159328", "901575131", "901577764", 
"901591430", "901608256", "909306837", "909907467", "909909406", 
"909915780", "909921611", "910251342", "910387891", "921240415", 
"936757280", "951273578", "951621784", "955457360", "955491040", 
"955871724", "955886584", "955944692", "955984247", "957767803", 
"957793643", "958069690", "966551986", "967322426", "979437399", 
"987516235", "987525648", "987962548", "992977910", "993450385"
), class = "factor"), url = structure(c(10L, 18L, 42L, 2L, 49L, 
14L, 32L, 35L, 43L, 8L, 34L, 46L, 51L, 52L, 17L, 11L, 9L, 39L, 
13L, 30L, 1L, 29L, 33L, 48L, 24L, 22L, 21L, 36L, 38L, 4L, 26L, 
41L, 31L, 12L, 19L, 47L, 25L, 7L, 37L, 44L, 40L, 45L, 20L, 50L, 
5L, 3L, 15L, 23L, 27L, 28L, 6L, 16L), .Label = c("http://www.asianage.com/india/all-india/270918/teacher-suspended-after-students-were-made-to-sleep-on-roadside-in-bihar.html", 
"http://www.assamtribune.com/scripts/detailsnew.asp?id=nov2218%2Fat052", 
"http://www.business-standard.com/article/news-ians/tripura-university-teacher-suspended-for-violating-protocol-118052400971_1.html", 
"http://www.freepressjournal.in/headlines/maha-teacher-suspended-for-snipping-students-hair/1319719", 
"http://www.freepressjournal.in/headlines/tripura-university-teacher-suspended-for-violating-protocol/1283177", 
"http://www.newindianexpress.com/nation/2018/jan/20/kanpur-teacher-suspended-after-slapping-student-40-times-for-not-completing-homework-1759766.html", 
"http://www.newindianexpress.com/nation/2018/jul/08/teacher-suspended-for-showing-movie-to-students-in-classroom-in-up-1840206.html", 
"http://www.newindianexpress.com/nation/2018/nov/06/punjab-fazilka-government-school-principal-teacher-suspended-in-girls-stripping-incident-1894959.html", 
"http://www.newindianexpress.com/states/andhra-pradesh/2018/sep/30/teacher-suspended-for-campaigning-for-andhra-pradesh-cm-k-chandrasekhar-rao-1878985.html", 
"http://www.newindianexpress.com/states/odisha/2018/dec/30/teacher-suspended-for-assaulting-students-1918313.html", 
"http://www.newindianexpress.com/states/telangana/2018/sep/30/teacher-suspended-for-campaigning-for-telangana-cm-k-chandrasekhar-rao-1878985.html", 
"http://www.sify.com/news/barberic-penalty-maharashtra-teacher-suspended-for-snipping-students-hair-news-others-shvpUSebjgeff.html", 
"http://www.sify.com/news/bihar-students-made-to-sleep-on-street-teacher-suspended-news-national-sj1p0Fdbcggcg.html", 
"http://www.sify.com/news/delhi-teacher-suspended-for-taking-head-massage-from-students-news-others-slvxqNhdgbide.html", 
"http://www.sify.com/news/tamil-nadu-teacher-suspended-for-luring-students-into-giving-sexual-favours-to-university-officials-news-national-seqrzxaeheihj.html", 
"http://www.thehindu.com/news/cities/bangalore/teacher-suspended-for-slapping-student/article22413389.ece", 
"https://indianexpress.com/article/education/delhi-teacher-suspended-for-placing-hindu-muslim-boys-in-different-classes-5396568/", 
"https://scroll.in/video/905025/watch-a-gurugram-teacher-was-suspended-for-allegedly-putting-tape-across-students-mouths", 
"https://timesofindia.indiatimes.com/city/chennai/tn-govt-school-teacher-suspended-for-using-inappropriate-language-in-classrooms/articleshow/65068622.cms", 
"https://timesofindia.indiatimes.com/city/dehradun/govt-teacher-suspended-by-cm-rawat-to-move-high-court/articleshow/64808469.cms", 
"https://timesofindia.indiatimes.com/city/delhi/govt-teacher-suspended-for-graft-on-day-of-retirement/articleshow/65629978.cms", 
"https://timesofindia.indiatimes.com/city/gurgaon/boy-caned-for-15-minutes-english-teacher-suspended/articleshow/65893001.cms", 
"https://timesofindia.indiatimes.com/city/madurai/students-told-to-give-sexual-favours-teacher-suspended/articleshow/63777090.cms", 
"https://timesofindia.indiatimes.com/city/meerut/meerut-teacher-suspended-for-sexually-harassing-class-ix-girl/articleshow/65892140.cms", 
"https://timesofindia.indiatimes.com/city/meerut/up-students-shown-movie-in-classroom-teacher-suspended/articleshow/64906233.cms", 
"https://timesofindia.indiatimes.com/city/pune/barberic-penalty-maharashtra-teacher-suspended-for-snipping-students-hair/articleshow/65081682.cms", 
"https://timesofindia.indiatimes.com/city/raipur/chhattisgarh-kv-teacher-suspended-for-making-obscene-remarks-on-nirbhaya/articleshow/62754997.cms", 
"https://timesofindia.indiatimes.com/city/raipur/kv-suspends-teacher-for-nirbhaya-remarks/articleshow/62749840.cms", 
"https://www.aninews.in/news/bihar-students-made-to-sleep-on-street-teacher-suspended201809271300570001/", 
"https://www.business-standard.com/article/news-ani/bihar-students-made-to-sleep-on-street-teacher-suspended-118092700435_1.html", 
"https://www.business-standard.com/article/news-ians/barberic-penalty-maharashtra-teacher-suspended-for-snipping-student-s-hair-118072100352_1.html", 
"https://www.business-standard.com/article/news-ians/delhi-teacher-suspended-for-taking-head-massage-from-students-118112101415_1.html", 
"https://www.business-standard.com/article/pti-stories/bihar-teacher-suspended-for-making-students-sleep-on-roadside-118092601330_1.html", 
"https://www.business-standard.com/article/pti-stories/fazilka-govt-school-principal-teacher-suspended-in-girls-stripping-incident-118110600367_1.html", 
"https://www.business-standard.com/article/pti-stories/govt-school-teacher-suspended-in-rajsamand-118111301462_1.html", 
"https://www.business-standard.com/article/pti-stories/peeping-tom-teacher-suspended-in-up-118080800405_1.html", 
"https://www.business-standard.com/article/pti-stories/teacher-suspended-for-showing-movie-to-students-in-classroom-in-up-118070800335_1.html", 
"https://www.business-standard.com/article/pti-stories/teacher-suspended-for-slapping-student-for-not-plaiting-hair-118072200379_1.html", 
"https://www.deccanchronicle.com/nation/politics/300918/biased-teacher-suspended-for-vote-for-trs-oath.html", 
"https://www.financialexpress.com/india-news/teacher-suspended-by-uttarakhand-cm-for-arguing-with-him-gets-call-from-bigg-boss-makers/1230132/", 
"https://www.firstpost.com/india/pune-teacher-suspended-for-cutting-class-6-students-hair-as-punishment-parents-say-woman-a-repeat-offender-4789421.html", 
"https://www.hindustantimes.com/gurgaon/gurugram-teacher-suspended-for-putting-sellotape-across-mouths-of-two-lkg-kids-to-keep-them-quite/story-oWVxxL092ojnlrSv3bQ7PM.html", 
"https://www.hindustantimes.com/mumbai-news/pune-student-s-face-disfigured-after-alleged-corporal-punishment-teacher-suspended/story-q5i3CGJBCEweFgeArRXPqN.html", 
"https://www.indiatimes.com/entertainment/celebs/bigg-boss-12-makers-approach-school-teacher-suspended-by-uttarakhand-cm-for-arguing-with-him-348696.html", 
"https://www.indiatimes.com/news/world/teacher-suspended-for-asking-16-yo-for-sex-in-exchange-of-an-iphone-348508.html", 
"https://www.indiatoday.in/india/story/fazilka-school-head-teacher-suspended-over-stripping-incident-chargesheet-to-follow-1383384-2018-11-06", 
"https://www.indiatoday.in/india/story/teacher-suspended-for-showing-movie-to-students-in-classroom-in-up-1280562-2018-07-08", 
"https://www.latestly.com/agency-news/bihar-teacher-suspended-for-making-students-sleep-on-roadside-405676.html", 
"https://www.news18.com/news/india/delhi-teacher-suspended-for-taking-head-massage-from-students-1946491.html", 
