structure(list(ID = structure(54:1, .Label = c("1019559361", 
"1021142972", "1021142976", "1021746954", "1021802815", "1021967742", 
"1022034631", "1022162491", "1022278692", "1022506444", "1023316848", 
"1023671538", "1024145577", "1024152841", "1024204682", "1024454793", 
"1024459253", "1024531791", "1024875240", "1024932356", "1025098667", 
"1025116051", "1025126084", "1025164197", "1025378315", "1025584139", 
"1025598482", "1025630616", "1025630704", "1025709306", "1025838587", 
"1025852647", "1025866891", "1025869410", "1025950117", "1026056213", 
"1026061792", "1026076933", "1026275142", "1026591397", "1027011644", 
"1027036554", "1027319403", "1027513602", "1027516467", "1027521677", 
"1027884446", "1029194906", "1029602065", "1029602067", "1029922779", 
"1030348723", "1030374623", "1030439288"), class = "factor"), 
    url = structure(c(12L, 18L, 17L, 5L, 23L, 24L, 21L, 36L, 
    8L, 54L, 33L, 49L, 4L, 53L, 38L, 35L, 25L, 48L, 22L, 10L, 
    32L, 9L, 47L, 29L, 50L, 6L, 7L, 11L, 44L, 13L, 14L, 28L, 
    34L, 3L, 15L, 37L, 51L, 16L, 31L, 26L, 2L, 41L, 30L, 46L, 
    52L, 45L, 19L, 40L, 39L, 27L, 1L, 43L, 42L, 20L), .Label = c("http://www.businesssirectory.grandhaventribune.com/Blog/2018/12/11/Snday-s-snow-storm-brings-back-memories.html", 
    "http://www.dailyexcelsior.com/dogri-can-be-saved/", "http://www.dailyexcelsior.com/govt-misusing-official-machinery-to-arrange-crowd-for-pms-rally-ex-minister/", 
    "http://www.janmabhumidaily.com/news844589", "http://www.newindianexpress.com/cities/kochi/2018/dec/31/2018-in-retrospective-1918513.html", 
    "http://www.newindianexpress.com/nation/2018/dec/23/government-misusing-official-machinery-to-arrange-crowd-for-pm-modis-himachal-rally-former-ministe-1915522.html", 
    "http://www.newindianexpress.com/nation/2018/dec/24/india-pakistan-trade-heavy-fire-on-loc-schools-closed-in-rajouri-1915878.html", 
    "http://www.sify.com/news/35-students-on-way-to-attend-modis-rally-injured-news-others-sm1sEnfeaiaba.html", 
    "http://www.sify.com/news/bjp-mp-seeks-centres-intervention-to-curb-digital-sexual-abuse-news-national-smywUVheedech.html", 
    "http://www.theshillongtimes.com/2018/12/25/india-pakistan-trade-heavy-fire-on-loc-2/", 
    "https://defenceaviationpost.com/india-pakistan-trade-heavy-fire-on-loc-schools-closed-in-rajouri/", 
    "https://inc42.com/features/2018-in-review-10-of-the-biggest-startup-failures-in-india", 
    "https://indianexpress.com/article/cities/mumbai/bmc-says-no-to-renting-out-shut-civic-school-premises-to-private-aided-schools-5506634/", 
    "https://indianexpress.com/article/india/himachal-govt-misusing-official-machinery-to-arrange-crowd-for-pm-modis-rally-says-ex-minister-5506368/", 
    "https://theprint.in/culture/momo-challenge-braid-chopping-blue-whale-a-year-of-fear-and-panic-in-india/167728/", 
    "https://theprint.in/governance/15-year-old-dalit-girl-burnt-alive-in-agra-had-big-dreams-of-becoming-an-ips-officer/167596/", 
    "https://theprint.in/governance/despite-shutdown-and-disturbance-south-kashmir-shows-the-way-with-community-schooling/171461/", 
    "https://theprint.in/governance/how-students-in-terror-hit-south-kashmir-beat-unrest-shutdowns-to-top-class-10-results/171461/", 
    "https://timesofindia.indiatimes.com/blogs/the-adroit-human/how-communities-remember-a-holocaust-even-after-centuries/", 
    "https://timesofindia.indiatimes.com/city/delhi/less-land-for-qaumi-school-dda-slammed/articleshow/67110675.cms", 
    "https://timesofindia.indiatimes.com/city/delhi/ncr-may-shut-schools-on-high-pollution-days/articleshow/67305094.cms", 
    "https://timesofindia.indiatimes.com/city/delhi/north-corpn-to-merge-20-of-its-schools-to-create-10/articleshow/67237441.cms", 
    "https://timesofindia.indiatimes.com/city/gurgaon/air-quality-severe-cpcb-vigil-on-cracker-bursting-on-new-year-eve/articleshow/67315908.cms", 
    "https://timesofindia.indiatimes.com/city/gurgaon/school-shut-as-files-show-no-student-teachers-disagree/articleshow/67315909.cms", 
    "https://timesofindia.indiatimes.com/city/mangaluru/villagers-revive-kannada-medium-government-school-in-bantwal/articleshow/67236106.cms", 
    "https://timesofindia.indiatimes.com/city/noida/after-school-wall-collapse-eight-illegal-ones-shut/articleshow/67201181.cms", 
    "https://timesofindia.indiatimes.com/city/noida/education-dept-to-inspect-all-primary-schools/articleshow/67153452.cms", 
    "https://timesofindia.indiatimes.com/india/himachal-govt-misusing-official-machinery-to-arrange-crowd-for-pms-rally-congress-leader-gs-bali/articleshow/67217328.cms", 
    "https://www.aninews.in/news/bjp-mp-seeks-centres-intervention-to-curb-digital-sexual-abuse201812242201050001/", 
    "https://www.business-standard.com/article/current-affairs/a-foreign-tourist-s-guide-to-experiencing-the-many-mumbais-in-mumbai-118122100320_1.html", 
    "https://www.business-standard.com/article/economy-policy/traders-in-kerala-have-declared-2019-the-anti-hartal-year-here-s-why-118122200168_1.html", 
    "https://www.business-standard.com/article/news-ani/bjp-mp-seeks-centre-s-intervention-to-curb-digital-sexual-abuse-118122400935_1.html", 
    "https://www.business-standard.com/article/news-ians/35-students-on-way-to-attend-modi-s-rally-injured-118122700710_1.html", 
    "https://www.business-standard.com/article/politics/himachal-using-govt-resources-to-arrange-crowd-for-pm-s-rally-ex-minister-118122300343_1.html", 
    "https://www.business-standard.com/article/pti-stories/dharamshala-schools-to-stay-open-on-pm-s-rally-day-dt-admin-118122500390_1.html", 
    "https://www.dnaindia.com/ahmedabad/report-gujarat-high-court-seeks-state-civic-bodies-reply-over-poor-infra-for-urban-homeless-2701195", 
    "https://www.dnaindia.com/mumbai/report-interviewing-kids-separately-for-pre-primary-admissions-isn-t-okay-parents-2699243", 
    "https://www.firstpost.com/living/sahitya-akademi-winner-anees-salim-on-staying-away-from-public-eye-value-of-awards-and-solitude-5790701.html", 
    "https://www.firstpost.com/sports/back-from-the-brink-nikhil-poojary-battles-injuries-rejections-and-inner-demons-to-forge-accidental-football-career-5756891.html", 
    "https://www.hindustantimes.com/gurgaon/all-unsafe-government-school-buildings-in-gautam-budh-nagar-to-be-demolished/story-koIHx3I0stthaivU2ybZgL.html", 
    "https://www.hindustantimes.com/india-news/braid-chopping-blue-whale-momo-challenge-what-lay-behind-a-year-of-fear-and-panic/story-ODG3xcTpIf3nHSg5m80qqN.html", 
    "https://www.hindustantimes.com/jaipur/jodhpur-government-school-scripts-success-story-under-alumnus-principal/story-lwx3zKvNd0FGXfAHuX2kgJ.html", 
    "https://www.hindustantimes.com/noida/174-illegal-schools-in-noida-villages-but-no-action-against-them/story-eN7jMP2hbajB5zBdJ8MnsJ.html", 
    "https://www.ibtimes.co.in/schools-closed-rajouri-indo-pak-armies-trade-heavy-gunfire-along-loc-788623", 
    "https://www.igyaan.in/163493/why-indian-smartphones-lost/", 
    "https://www.investing.com/news/world-news/special-report-from-terror-to-triumph--a-young-rohingya-womans-journey-to-the-impossible-1727982", 
    "https://www.latestly.com/agency-news/bjp-mp-seeks-centres-intervention-to-curb-digital-sexual-abuse-556939.html", 
    "https://www.latestly.com/india/jammu-and-kashmir-india-pakistan-armies-trade-heavy-fire-at-line-of-control-schools-closed-in-rajouri-district-557138.html", 
    "https://www.ndtv.com/india-news/pm-modi-amit-shah-visit-dharamshala-as-bjp-completes-1-year-in-himachal-pradesh-live-updates-1968670", 
    "https://www.outlookindia.com/website/story/india-news-heavy-fire-traded-between-india-pak-on-loc-schools-shut-in-rajouri/322288", 
    "https://www.thehindu.com/books/bookaroo-turns-10/article25797187.ece", 
    "https://www.thehindu.com/news/cities/Delhi/wall-collapse-officials-slam-noida-authority/article25785383.ece", 
    "https://www.thehindu.com/news/cities/mumbai/three-de-addiction-centres-for-street-children/article25837095.ece", 
