structure(list(ID = structure(c(68L, 67L, 66L, 65L, 64L, 63L, 
72L, 62L, 61L, 60L, 59L, 58L, 57L, 56L, 55L, 54L, 53L, 52L, 51L, 
50L, 49L, 48L, 47L, 46L, 45L, 44L, 43L, 42L, 41L, 40L, 39L, 38L, 
37L, 71L, 36L, 35L, 34L, 33L, 32L, 31L, 30L, 29L, 28L, 27L, 26L, 
25L, 24L, 23L, 22L, 21L, 20L, 19L, 18L, 17L, 16L, 70L, 15L, 14L, 
13L, 12L, 11L, 10L, 9L, 8L, 7L, 6L, 5L, 4L, 3L, 2L, 1L, 69L), .Label = c("1021081337", 
"1021142966", "1021142976", "1021239372", "1021628010", "1021724364", 
"1021802815", "1021818696", "1021836977", "1022034631", "1022131787", 
"1022184732", "1022349636", "1022506444", "1022559465", "1023652476", 
"1023675790", "1023748388", "1023828387", "1024204682", "1024260045", 
"1024363768", "1024510953", "1024741540", "1024931345", "1024969242", 
"1025108354", "1025109581", "1025110275", "1025121626", "1025123356", 
"1025183805", "1025185815", "1025224694", "1025226367", "1025230061", 
"1025450742", "1025482734", "1025496504", "1025543363", "1025608706", 
"1025632631", "1025666218", "1025792585", "1025826062", "1025937702", 
"1026020420", "1026046504", "1026441468", "1026508011", "1026563276", 
"1026851624", "1027146020", "1027251476", "1027355250", "1027751473", 
"1027943410", "1028103863", "1028199288", "1028199650", "1028641880", 
"1028682351", "1029263882", "1029657522", "1029728239", "1029889288", 
"1029899315", "1030699756", "p-1020867383", "p-1022659548", "p-1025439832", 
"p-1028860662"), class = "factor"), url = structure(c(33L, 14L, 
21L, 51L, 5L, 43L, 12L, 22L, 62L, 59L, 68L, 23L, 64L, 4L, 53L, 
20L, 44L, 47L, 38L, 27L, 32L, 29L, 46L, 69L, 2L, 72L, 52L, 9L, 
36L, 17L, 60L, 63L, 24L, 10L, 70L, 49L, 41L, 45L, 3L, 48L, 31L, 
40L, 13L, 65L, 18L, 37L, 42L, 7L, 61L, 26L, 28L, 1L, 6L, 50L, 
39L, 11L, 35L, 71L, 67L, 19L, 57L, 54L, 58L, 25L, 30L, 16L, 8L, 
34L, 55L, 56L, 66L, 15L), .Label = c("http://bengaluru.citizenmatters.in/bangalore-bmtc-metro-public-transport-data-30069", 
"http://southasiajournal.net/asias-version-of-palestine-emerging-in-bangladesh/", 
"http://www.asianage.com/india/all-india/231218/aap-rubbing-salt-on-wounds-of-victims-of-1984-riots-says-amit-shah.html", 
"http://www.asianage.com/india/all-india/281218/in-shillong-friends-at-a-time-of-conflict.html", 
"http://www.asianage.com/india/all-india/311218/tribals-in-forests-caught-between-official-apathy-complexities-of-law.html", 
"http://www.centralchronicle.com/police-will-drive-special-campaign-on-drugs-and-gambling-betting.html", 
"http://www.newindianexpress.com/nation/2018/dec/22/chandigarh-diary-1914925.html", 
"http://www.newindianexpress.com/world/2018/dec/18/minorities-held-in-china-sew-clothes-that-can-end-up-in-us-1913142.html", 
"http://www.newindianexpress.com/world/2018/dec/24/china-cracks-down-on-christmas-revellers-says-traditional-culture-first-1915887.html", 
"http://www.pressreleasepoint.com/afts-weingarten-puerto-ricos-illegal-holiday-attack-teachers", 
"http://www.pressreleasepoint.com/department-justice-announces-bump-stock-type-devices-final-rule", 
"http://www.pressreleasepoint.com/vulnerable-women-gain-power-through-community-support", 
"http://zeenews.india.com/india/perpetrators-of-1984-anti-sikh-riots-were-also-protectors-amit-shah-slams-congress-2165372.html", 
"http://zeenews.india.com/india/was-2018-a-game-changer-for-children-in-india-2167080.html", 
"https://clickpress.com/releases/Detailed/780857005cp.shtml", 
"https://indianexpress.com/article/education/address-proof-not-ground-to-deny-school-admission-5499650/", 
"https://indianexpress.com/article/world/christmas-santa-claus-not-coming-to-towns-across-china-5507137/", 
"https://indianexpress.com/article/world/saharanpur-india-gupta-brothers-south-africa-corruption-nelson-mandela-5505965/", 
"https://swarajyamag.com/insta/right-to-education-fundamental-authorities-cannot-deny-admission-to-children-at-whim-delhi-high-court", 
"https://swarajyamag.com/politics/bjps-cow-plank-will-boomerang-unless-it-studies-and-strengthens-cow-nomics", 
"https://swarajyamag.com/politics/maharashtra-government-finds-a-new-way-to-avoid-paying-rte-reimbursement-for-poor-children", 
"https://theprint.in/culture/why-its-time-for-india-to-have-its-own-porn-star/170447/", 
"https://theprint.in/opinion/why-up-police-order-to-ban-public-namaz-should-have-been-celebrated/170153/", 
"https://timesofindia.indiatimes.com/city/delhi/shah-targets-aap-cong-urges-party-workers-to-help-modi-win/articleshow/67222497.cms", 
"https://timesofindia.indiatimes.com/city/gurgaon/not-ruins-these-are-government-run-schools-in-gurgaon-where-kids-attend-classes-every-day/articleshow/67152942.cms", 
"https://timesofindia.indiatimes.com/city/nagpur/1007-illegal-religious-structures-set-to-be-regularized/articleshow/67200421.cms", 
"https://timesofindia.indiatimes.com/city/nagpur/ba-sheikh-named-administrator-on-anjuman-trust/articleshow/67248494.cms", 
"https://timesofindia.indiatimes.com/city/noida/after-school-wall-collapse-eight-illegal-ones-shut/articleshow/67201181.cms", 
"https://timesofindia.indiatimes.com/city/noida/couple-sell-ganja-outside-schools-held-with-2-others/articleshow/67237638.cms", 
"https://timesofindia.indiatimes.com/city/noida/education-dept-to-inspect-all-primary-schools/articleshow/67153452.cms", 
"https://timesofindia.indiatimes.com/india/delhi-assembly-proceedings-rubbed-salt-on-wounds-of-1984-riot-victims-amit-shah/articleshow/67217267.cms", 
"https://timesofindia.indiatimes.com/india/now-law-minister-pushes-for-sc/st-quota-in-judiciary/articleshow/67249375.cms", 
"https://timesofindia.indiatimes.com/india/up-to-impose-0-5-gau-raksha-cess-to-protect-stray-cattle/articleshow/67342357.cms", 
"https://timesofindia.indiatimes.com/world/china/in-locked-compound-minorities-in-china-make-clothes-for-us/articleshow/67144910.cms", 
"https://timesofindia.indiatimes.com/world/china/in-locked-compound-muslims-in-china-make-clothes-for-us/articleshow/67160056.cms", 
"https://timesofindia.indiatimes.com/world/china/santa-gets-pushed-out-as-chinas-leaders-emphasize-tradition/articleshow/67229006.cms", 
"https://www.business-standard.com/article/current-affairs/boon-for-some-bane-for-others-aadhaar-faces-an-identity-crisis-in-india-118122300069_1.html", 
"https://www.business-standard.com/article/current-affairs/indigenous-journalist-who-covered-pathalgadi-movement-killed-in-jharkhand-118122600071_1.html", 
"https://www.business-standard.com/article/elections/chhattisgarh-offers-congress-a-chance-to-show-if-it-cares-about-adivasis-118122100219_1.html", 
"https://www.business-standard.com/article/pti-stories/delhi-assembly-proceedings-rubbed-salt-on-wounds-of-1984-riot-victims-shah-118122300360_1.html", 
"https://www.business-standard.com/article/pti-stories/delhi-people-compare-work-by-aap-govt-with-centre-for-development-of-city-saurabh-bhardwaj-118122300564_1.html", 
"https://www.business-standard.com/article/pti-stories/illegal-firecrackers-factory-busted-3-truck-explosive-material-seized-in-gautam-buddh-nagar-118122200722_1.html", 
"https://www.clipper28.com/en/effective-implementation-of-mlas-priorities-will-be-ensured-says-cm/", 
"https://www.dailypioneer.com/2018/state-editions/inbrief----inbrief----2018-12-27.html", 
"https://www.deccanchronicle.com/nation/current-affairs/231218/aap-rubbing-salt-on-wounds-of-victims-of-1984-riots-says-amit-shah.html", 
"https://www.dnaindia.com/mumbai/report-rti-information-reveals-how-mumbai-school-kept-parents-in-the-dark-on-cbse-affiliation-2699983", 
"https://www.financialexpress.com/economy/big-opportunities-for-indian-companies-in-sectors-including-agriculture-rural-development-and-renewable-energy-in-colombia/1425590/", 
"https://www.financialexpress.com/india-news/delhi-assembly-proceedings-rubbed-salt-on-wounds-of-1984-riot-victims-says-amit-shah/1422889/", 
"https://www.financialexpress.com/india-news/delhi-people-compare-work-by-aap-govt-with-centre-for-development-of-city-saurabh-bhardwaj/1422984/", 
