structure(list(ID = structure(c(94L, 93L, 92L, 91L, 90L, 89L, 
88L, 87L, 86L, 85L, 84L, 83L, 82L, 81L, 80L, 79L, 78L, 77L, 76L, 
75L, 74L, 73L, 72L, 100L, 71L, 70L, 69L, 68L, 67L, 66L, 65L, 
64L, 63L, 62L, 61L, 99L, 60L, 59L, 58L, 57L, 56L, 55L, 54L, 53L, 
52L, 51L, 50L, 49L, 48L, 47L, 46L, 45L, 44L, 43L, 42L, 41L, 40L, 
39L, 38L, 37L, 36L, 35L, 34L, 33L, 32L, 31L, 30L, 29L, 28L, 27L, 
26L, 25L, 24L, 23L, 22L, 21L, 20L, 19L, 18L, 17L, 16L, 15L, 14L, 
13L, 12L, 11L, 10L, 97L, 96L, 95L, 9L, 8L, 98L, 7L, 6L, 5L, 4L, 
3L, 2L, 1L, 133L, 132L, 131L, 130L, 129L, 128L, 127L, 126L, 125L, 
124L, 123L, 122L, 121L, 120L, 119L, 118L, 117L, 116L, 115L, 114L, 
113L, 112L, 111L, 110L, 109L, 108L, 107L, 106L, 105L, 104L, 103L, 
102L, 101L), .Label = c("1022431500", "1022701868", "1022844625", 
"1022906961", "1022947098", "1022983621", "1023061518", "1023377813", 
"1023459506", "1023965803", "1024000829", "1024173050", "1024354633", 
"1024540742", "1024768615", "1025059413", "1025256476", "1025265049", 
"1025285971", "1025308557", "1025499303", "1025502813", "1025643576", 
"1025697485", "1025838207", "1025888263", "1026150479", "1026162070", 
"1026217668", "1026220750", "1026222191", "1026228169", "1026256211", 
"1026279022", "1026560029", "1026579369", "1026589815", "1026591397", 
"1026597140", "1026635767", "1026736025", "1026798848", "1027034699", 
"1027165932", "1027220946", "1027228354", "1027236195", "1027334624", 
"1027355250", "1027392617", "1027424284", "1027464551", "1027465800", 
"1027615252", "1027731105", "1027749477", "1027759960", "1027939180", 
"1027992244", "1028016331", "1028153122", "1028155630", "1028187811", 
"1028205426", "1028371689", "1028375139", "1028599376", "1028684090", 
"1028746858", "1028757571", "1028826325", "1029122533", "1029232980", 
"1029285418", "1029330935", "1029350274", "1029357239", "1029554123", 
"1029570594", "1029577462", "1029692618", "1029700607", "1029704441", 
"1029914980", "1029922777", "1029953197", "1030138826", "1030143017", 
"1030258386", "1030280836", "1030319285", "1030436731", "1030445441", 
"1030712220", "b-1023701869", "b-1023914478", "b-1023914482", 
"p-1023197322", "p-1028052148", "p-1028841077", "1018989449", 
"1019000923", "1019038330", "1019451048", "1019939808", "1019946998", 
"1020007144", "1020200390", "1020271844", "1020325867", "1020357522", 
"1020369165", "1020465413", "1020483555", "1020497300", "1020579190", 
"1020689914", "1020717041", "1021068575", "1021097866", "1021188832", 
"1021198463", "1021203879", "1021207691", "1021209292", "1021217440", 
"1021232121", "1021325340", "1021759433", "1021802815", "1021857508", 
"1021913828", "1022210274"), class = "factor"), url = structure(c(2L, 
64L, 36L, 33L, 61L, 53L, 31L, 45L, 13L, 15L, 5L, 19L, 83L, 98L, 
26L, 28L, 38L, 75L, 18L, 9L, 74L, 25L, 29L, 21L, 30L, 22L, 49L, 
78L, 32L, 89L, 63L, 59L, 17L, 94L, 99L, 77L, 41L, 84L, 47L, 27L, 
51L, 93L, 95L, 87L, 4L, 1L, 73L, 58L, 68L, 42L, 54L, 46L, 52L, 
90L, 37L, 16L, 12L, 24L, 55L, 86L, 72L, 43L, 56L, 71L, 50L, 88L, 
96L, 60L, 23L, 82L, 6L, 91L, 39L, 14L, 100L, 69L, 48L, 70L, 62L, 
34L, 65L, 10L, 85L, 44L, 3L, 76L, 57L, 80L, 81L, 79L, 7L, 8L, 
20L, 97L, 66L, 11L, 35L, 40L, 67L, 92L, 133L, 131L, 125L, 115L, 
106L, 110L, 128L, 120L, 129L, 112L, 119L, 102L, 124L, 132L, 117L, 
122L, 104L, 105L, 130L, 109L, 118L, 101L, 103L, 116L, 127L, 108L, 
121L, 114L, 111L, 107L, 113L, 123L, 126L), .Label = c("http://english.sakshi.com/crime/2018/12/27/chaitanya-bharathi-students-stripped-for-latecoming-in-punganuru", 
"http://mydigitalfc.com/around-globe/democrat-warren-challenge-trump-2020", 
"http://mydigitalfc.com/fc-weekend/science-cooking", "http://pib.nic.in/newsite/PrintRelease.aspx?relid=186832", 
"http://pib.nic.in/newsite/PrintRelease.aspx?relid=186963", "http://risingkashmir.com/news/the-wrong-address-of-an-award", 
"http://southasiajournal.net/bangladesh-awami-league-bnp-align-with-islamic-parties-to-attract-voters/", 
"http://www.asianage.com/india/all-india/211218/business-success-of-a-distinguished-pathologist.html", 
"http://www.asianage.com/technology/in-other-news/301218/now-smart-uniforms-to-track-kids-at-school.html", 
"http://www.dailyexcelsior.com/scope-of-humanities/", "http://www.indiantelevision.com/television/tv-channels/music-and-youth/b4u-network-employee-s-pack-share-30000meals-with-under-privileged-children-181220", 
"http://www.mondaq.com/australia/x/767556/Healthcare/Gillick%2Bcompetence%2Bparens%2Bpatriae%2Band%2BJehovahs%2BWitnesses%2Bblood%2Btransfusions%2Bto%2Bminors", 
"http://www.newindianexpress.com/cities/delhi/2018/dec/31/lights-camera-sound-1918662.html", 
"http://www.newindianexpress.com/cities/kochi/2018/dec/24/a-life-steeped-in-art-1915656.html", 
"http://www.newindianexpress.com/cities/kochi/2018/dec/31/chef-doeuvres-1918516.html", 
"http://www.newindianexpress.com/lifestyle/tech/2018/dec/26/novel-ai-can-detect-age-gender-of-people-on-videos-1916697.html", 
"http://www.newindianexpress.com/states/andhra-pradesh/2018/dec/27/andhra-private-school-teacher-arrested-for-making-students-strip-as-punishment-for-coming-late-1917287.html", 
"http://www.newindianexpress.com/states/odisha/2018/dec/30/year-that-was-10-most-defining-moments-1918299.html", 
"http://www.newindianexpress.com/states/odisha/2018/dec/31/2018-10-most-defining-moments-in-odisha-health-sector-1918528.html", 
"http://www.pressreleasepoint.com/neoantigen-vaccine-spurs-immune-response-glioblastoma", 
"http://www.pressreleasepoint.com/obe-physical-activity-champion-new-year-honours-list", 
"http://www.sify.com/news/now-smart-uniforms-to-track-kids-at-school-news-others-sm3nKLfbicdii.html", 
"http://www.sify.com/news/this-neural-network-detects-age-gender-by-video-with-more-accuracy-news-others-smznEohebcccb.html", 
"http://zeenews.india.com/health/this-neural-network-detects-age-gender-by-video-with-more-accuracy-2165979.html", 
"https://bobrtimes.com/in-china-schools-use-smart-form-for-surveillance/173945/", 
"https://indianexpress.com/article/cities/delhi/aap-delhi-education-healthcare-cctv-arvind-kejriwal-2019-elections-5516263/", 
"https://indianexpress.com/article/education/hc-notice-to-3-presidium-schools-that-changed-name-mid-year-5512569/", 
"https://indianexpress.com/article/entertainment/legendary-filmmaker-mrinal-sen-passes-away-at-95-5516259/", 
"https://indianexpress.com/article/lifestyle/art-and-culture/pune-art-lifestyle-2018-sawai-gandharva-mahotsav-balgandharva-rangmandir-pmc-5515461/", 
"https://indianexpress.com/article/north-east-india/assam/express-rewind-2018-assamese-cinema-and-the-murmurs-of-a-comeback-5514942/", 
"https://indianexpress.com/article/opinion/columns/tokyo-olympics-2020-target-olympic-podium-scheme-ssa-5517660/", 
"https://indianexpress.com/article/parenting/blog/myth-of-badly-behaved-child-parenting-tips-5514113/", 
"https://indianexpress.com/article/technology/suicide-watch-on-facebook-raises-issues-5518016/", 
"https://scroll.in/article/905954/this-area-is-doomed-so-are-we-why-odishas-coastal-erosion-refugees-keep-returning-to-old-homes", 
"https://silverscreen.in/news/period-end-of-sentence-shortlisted-for-best-documentary-at-oscars/", 
"https://swarajyamag.com/magazine/i-am-the-cloud-when-robots-come-of-age", 
"https://telanganatoday.com/detecting-age-gender-on-video", "https://telanganatoday.com/saga-stevens", 
"https://theprint.in/governance/schools-that-teach-ancient-indian-scriptures-will-now-have-a-cbse-like-board/168261/", 
"https://theprint.in/opinion/dear-barkha-my-right-wing-friends-helped-me-without-seeking-publicity-abhijit-iyer-mitra/166519/", 
"https://theprint.in/opinion/degree-naukri-textbooks-and-fees-how-indias-education-mafia-works/170094/", 
"https://theprint.in/opinion/india-and-china-needed-wuhan-but-it-will-not-be-enough/169467/", 
"https://timesofindia.indiatimes.com/city/ahmedabad/a-rapunzel-from-gujarat/articleshow/67236772.cms", 
