structure(list(ID = structure(c(76L, 75L, 74L, 73L, 72L, 71L, 
70L, 69L, 68L, 67L, 66L, 65L, 64L, 63L, 62L, 61L, 60L, 59L, 58L, 
57L, 56L, 55L, 54L, 53L, 52L, 51L, 50L, 49L, 48L, 47L, 46L, 45L, 
44L, 43L, 42L, 41L, 40L, 39L, 38L, 37L, 36L, 35L, 34L, 33L, 32L, 
31L, 30L, 29L, 28L, 77L, 27L, 26L, 25L, 24L, 23L, 22L, 21L, 20L, 
19L, 18L, 17L, 16L, 15L, 14L, 13L, 12L, 11L, 10L, 9L, 8L, 7L, 
6L, 5L, 4L, 3L, 2L, 1L), .Label = c("1019762972", "1020093888", 
"1020539894", "1020587179", "1020587240", "1020588505", "1020607078", 
"1020689914", "1020720292", "1020741245", "1020751595", "1020755883", 
"1020772450", "1020875841", "1020905996", "1020951759", "1020979037", 
"1021075610", "1021358142", "1021458428", "1021784453", "1021940104", 
"1022373109", "1022966676", "1023308490", "1023481065", "1023663405", 
"1023871346", "1024030263", "1024383753", "1024415864", "1024509735", 
"1024769243", "1024874885", "1024907201", "1024926578", "1024935622", 
"1024959525", "1024980486", "1025241425", "1025583917", "1025734265", 
"1026056308", "1026124357", "1026265423", "1026541864", "1026554139", 
"1026572541", "1026578666", "1026624456", "1026686473", "1026738781", 
"1026799715", "1027024658", "1027220961", "1027392831", "1028659527", 
"1028682351", "1028691870", "1028694101", "1028701334", "1028723620", 
"1028767974", "1028819215", "1028936201", "1029068638", "1029111066", 
"1029542304", "1029646151", "1029768140", "1029811295", "1029856633", 
"1029973052", "1030286389", "1030348723", "1030374623", "b-1023701869"
), class = "factor"), url = structure(c(30L, 29L, 76L, 1L, 25L, 
44L, 68L, 14L, 71L, 11L, 3L, 38L, 9L, 49L, 63L, 26L, 43L, 50L, 
27L, 70L, 5L, 32L, 22L, 2L, 8L, 18L, 52L, 42L, 62L, 28L, 73L, 
13L, 54L, 39L, 12L, 59L, 58L, 51L, 23L, 15L, 36L, 24L, 37L, 21L, 
60L, 53L, 46L, 72L, 31L, 65L, 55L, 61L, 4L, 67L, 74L, 20L, 35L, 
47L, 48L, 19L, 66L, 56L, 7L, 64L, 69L, 33L, 75L, 40L, 10L, 6L, 
34L, 17L, 45L, 41L, 16L, 77L, 57L), .Label = c("http://pib.nic.in/newsite/PrintRelease.aspx?relid=186983", 
"http://prahaar.in/what-everybody-is-saying-about-straight-forward-arrange-say-is-erroneous-and-why/", 
"http://risingkashmir.com/news/75-pass-10th-standard-exams", 
"http://risingkashmir.com/news/committee-to-resolve-salary-issues-of-7702-rets-govt", 
"http://risingkashmir.com/news/schools-charge-only-fcc-approved-fee-jkjccps", 
"http://www.easternmirrornagaland.com/suggestive-measures-on-educational-perspective/", 
"http://www.newindianexpress.com/cities/hyderabad/2018/dec/17/kin-of-dps-mgmt-own-farmhouse-where-kid-died-1912614.html", 
"http://www.newindianexpress.com/nation/2018/dec/26/bengal-govt-to-provide-lessons-on-obesity-prevention-among-school-students-1916679.html", 
"http://www.newindianexpress.com/nation/2018/dec/29/kendriya-vidyalaya-staff-asked-to-use-kaizala-application-for-effective-communication-mos-hrd-1918063.html", 
"http://www.sify.com/news/lg-instructs-to-deploy-more-female-guards-in-delhi-schools-news-others-smsaukajbagcf.html", 
"http://www.theshillongtimes.com/2018/12/30/breaking-the-deadlock/", 
"https://beebom.com/best-windows-10-apps/", "https://chandigarhmetro.com/ctet-2018-17-lakh-candidates-still-wait-for-answer-key-know-more-details/", 
"https://indianexpress.com/article/cities/ahmedabad/gujarat-remove-propaganda-of-urban-maoists-in-academia-says-abvp-5516421/", 
"https://indianexpress.com/article/cities/chandigarh/sdg-india-index-chandigarh-tops-uts-second-in-country-5505923/", 
"https://indianexpress.com/article/cities/delhi/lg-asks-delhi-govt-to-audit-all-third-party-run-children-homes-in-city-5498027/", 
"https://indianexpress.com/article/education/bengal-govt-asks-schools-to-display-syllabus-in-classrooms-5498069/", 
"https://indianexpress.com/article/education/obesity-prevention-course-in-bengal-school-soon-5510094/", 
"https://indianexpress.com/article/parenting/family/teach-children-non-verbal-communication-body-language-5498666/", 
"https://indianexpress.com/article/parenting/learning/virtual-learning-education-school-children-5500205/", 
"https://kashmirobserver.net/2018/city-news/land-crunch-hits-cuk-expansion-38907", 
"https://kashmirobserver.net/2018/city-news/school-association-rules-out-charging-exorbitant-fee-39005", 
"https://punemirror.indiatimes.com/pune/others/open-schooling-gets-state-boards-stamp/articleshow/67212499.cms", 
"https://scroll.in/article/906395/this-meditative-novel-about-devadasis-and-the-consumption-of-art-is-held-back-by-its-moralism", 
"https://swarajyamag.com/insta/kendriya-vidyalayas-digital-push-kvs-instructs-students-teachers-to-use-kaizala-app-for-communication", 
"https://telanganatoday.com/kendriya-vidyalaya-staff-asked-to-use-kaizala-application", 
"https://theprint.in/culture/why-its-time-for-india-to-have-its-own-porn-star/170447/", 
"https://theprint.in/governance/4-school-students-killed-themselves-in-india-every-day-shows-data/168420/", 
"https://theprint.in/governance/despite-shutdown-and-disturbance-south-kashmir-shows-the-way-with-community-schooling/171461/", 
"https://theprint.in/governance/how-students-in-terror-hit-south-kashmir-beat-unrest-shutdowns-to-top-class-10-results/171461/", 
"https://timesofindia.indiatimes.com/city/bengaluru/engg-colleges-ban-sites-want-to-shield-students-from-cyber-threats/articleshow/67184506.cms", 
"https://timesofindia.indiatimes.com/city/bengaluru/librarian-seeks-parity-with-varsity-teachers-hc-orders-notice-to-govt/articleshow/67263066.cms", 
"https://timesofindia.indiatimes.com/city/coimbatore/govt-schools-go-in-for-technology-to-make-teaching-learning-livelier/articleshow/67135981.cms", 
"https://timesofindia.indiatimes.com/city/delhi/lg-asks-delhi-govt-to-audit-all-third-party-run-children-homes-in-city/articleshow/67131915.cms", 
"https://timesofindia.indiatimes.com/city/kolkata/kolkata-schools-sit-up-as-students-post-obscene-memes-on-teachers-online/articleshow/67154140.cms", 
"https://timesofindia.indiatimes.com/city/mangaluru/100-day-programme-to-get-100-sslc-results-in-dk-dist/articleshow/67211085.cms", 
"https://timesofindia.indiatimes.com/city/mangaluru/100-day-programme-to-get-100-sslc-results-in-dk/articleshow/67211261.cms", 
"https://timesofindia.indiatimes.com/city/nagpur/renovation-work-disrupts-teaching-at-varsity-campus/articleshow/67302509.cms", 
"https://timesofindia.indiatimes.com/life-style/spotlight/for-me-dance-is-like-breath-vyjayanthi-kashi/articleshow/67233305.cms", 
"https://www.business-standard.com/article/news-ians/lg-instructs-to-deploy-more-female-guards-in-delhi-schools-118121800009_1.html", 
"https://www.business-standard.com/article/pti-stories/bengal-govt-asks-schools-to-display-syllabus-in-classrooms-118121701051_1.html", 
"https://www.business-standard.com/article/pti-stories/bengal-govt-to-provide-lessons-on-obesity-prevention-among-118122600083_1.html", 
"https://www.business-standard.com/article/pti-stories/kendriya-vidyalaya-staff-asked-to-use-kaizala-application-for-effective-communication-mos-hrd-118122900138_1.html", 
"https://www.business-standard.com/article/pti-stories/kvpy-2018-stage1-result-424-students-of-resonance-qualified-for-stage-2-118123100303_1.html", 
"https://www.business-standard.com/article/pti-stories/lg-asks-delhi-govt-to-audit-all-third-party-run-children-homes-in-city-118121700986_1.html", 
"https://www.business-standard.com/article/pti-stories/pinnacle-blooms-network-with-patented-mirracle-system-offers-franchise-118122200117_1.html", 
"https://www.business-standard.com/article/pti-stories/us-surgeon-general-warns-of-teen-risks-from-e-cigarettes-118121801071_1.html", 
"https://www.businessinsider.in/the-us-surgeon-general-just-issued-a-rare-advisory-about-e-cigs-like-the-juul-heres-why-vaping-is-so-dangerous/articleshow/67147547.cms", 
"https://www.clipper28.com/en/punjab-cm-announces-advisory-board-to-enable-detention-of-drug-smugglers-without-trial-for-a-year/", 
