structure(list(ID = structure(c(97L, 96L, 95L, 94L, 93L, 92L, 
91L, 90L, 89L, 88L, 87L, 86L, 85L, 84L, 83L, 82L, 81L, 80L, 79L, 
99L, 78L, 77L, 76L, 75L, 74L, 73L, 72L, 71L, 70L, 69L, 68L, 67L, 
66L, 65L, 64L, 63L, 62L, 61L, 60L, 59L, 58L, 57L, 56L, 55L, 54L, 
53L, 52L, 51L, 50L, 49L, 48L, 47L, 46L, 45L, 44L, 43L, 42L, 41L, 
40L, 39L, 38L, 37L, 36L, 35L, 34L, 33L, 32L, 31L, 30L, 29L, 28L, 
27L, 26L, 25L, 24L, 23L, 22L, 21L, 20L, 19L, 18L, 17L, 16L, 15L, 
14L, 13L, 12L, 11L, 10L, 9L, 8L, 7L, 6L, 100L, 5L, 4L, 3L, 98L, 
2L, 1L, 195L, 194L, 193L, 192L, 191L, 199L, 190L, 189L, 188L, 
187L, 186L, 198L, 185L, 184L, 183L, 182L, 181L, 180L, 179L, 178L, 
177L, 176L, 175L, 174L, 173L, 172L, 171L, 170L, 169L, 168L, 167L, 
166L, 165L, 164L, 163L, 162L, 161L, 160L, 159L, 158L, 157L, 156L, 
197L, 155L, 154L, 153L, 152L, 151L, 150L, 149L, 148L, 147L, 146L, 
145L, 144L, 143L, 142L, 141L, 140L, 139L, 138L, 137L, 136L, 135L, 
134L, 133L, 132L, 131L, 130L, 129L, 128L, 200L, 127L, 126L, 125L, 
124L, 123L, 122L, 121L, 120L, 119L, 118L, 117L, 116L, 115L, 114L, 
113L, 112L, 111L, 110L, 109L, 108L, 107L, 106L, 105L, 104L, 103L, 
102L, 101L, 196L, 289L, 288L, 287L, 286L, 285L, 284L, 283L, 282L, 
290L, 281L, 280L, 279L, 278L, 277L, 276L, 291L, 275L, 274L, 273L, 
272L, 271L, 270L, 269L, 268L, 267L, 266L, 265L, 264L, 263L, 262L, 
261L, 260L, 259L, 258L, 257L, 256L, 255L, 254L, 253L, 252L, 251L, 
250L, 249L, 248L, 247L, 246L, 245L, 244L, 243L, 242L, 241L, 240L, 
239L, 238L, 237L, 236L, 235L, 234L, 233L, 232L, 231L, 230L, 229L, 
228L, 227L, 226L, 225L, 224L, 223L, 222L, 221L, 220L, 219L, 218L, 
217L, 216L, 215L, 214L, 213L, 212L, 211L, 210L, 209L, 208L, 207L, 
206L, 205L, 204L, 203L, 202L, 201L), .Label = c("1027224655", 
"1027255727", "1027355250", "1027392831", "1027474751", "1027545856", 
"1027759960", "1027768237", "1027865591", "1027884446", "1027943410", 
"1027946575", "1028000566", "1028006660", "1028097625", "1028103863", 
"1028133695", "1028199650", "1028263690", "1028293764", "1028307413", 
"1028447042", "1028618014", "1028682351", "1028753781", "1028774852", 
"1028834516", "1028839886", "1028889941", "1028956156", "1028959515", 
"1028969212", "1028974041", "1028997383", "1029079384", "1029095780", 
"1029099530", "1029129289", "1029141170", "1029161785", "1029175674", 
"1029201083", "1029221710", "1029222102", "1029224965", "1029238583", 
"1029254680", "1029254728", "1029261270", "1029377525", "1029386926", 
"1029387793", "1029411486", "1029480771", "1029483324", "1029494237", 
"1029508535", "1029532155", "1029533495", "1029602067", "1029602518", 
"1029647745", "1029705989", "1029791777", "1029868486", "1029868551", 
"1029901838", "1029907863", "1029922779", "1029954810", "1030006191", 
"1030050214", "1030127607", "1030140083", "1030273337", "1030283324", 
"1030379331", "1030384647", "1030403035", "1030404864", "1030405337", 
"1030405887", "1030407345", "1030411259", "1030411595", "1030413408", 
"1030415798", "1030424284", "1030439288", "1030439875", "1030450936", 
"1030450955", "1030453068", "1030461902", "1030469995", "1030477773", 
"1030487615", "b-1027269173", "b-1030387324", "p-1027488794", 
"1024403081", "1024454793", "1024459253", "1024598065", "1024673945", 
"1024678122", "1024745916", "1024768616", "1024769243", "1024790568", 
"1024884005", "1024931345", "1024932356", "1024967375", "1024969242", 
"1025017189", "1025081041", "1025098666", "1025108354", "1025109581", 
"1025110275", "1025110643", "1025121626", "1025123356", "1025166884", 
"1025195763", "1025230061", "1025272734", "1025378315", "1025450742", 
"1025451771", "1025453245", "1025461685", "1025462802", "1025468861", 
"1025476542", "1025551435", "1025555991", "1025566359", "1025585123", 
"1025600185", "1025625534", "1025630642", "1025630663", "1025636437", 
"1025695728", "1025792585", "1025826062", "1025832706", "1025864958", 
"1025988450", "1026020420", "1026055554", "1026056213", "1026076593", 
"1026152239", "1026158319", "1026163017", "1026175650", "1026178925", 
"1026195229", "1026196811", "1026201607", "1026207885", "1026211146", 
"1026237126", "1026238436", "1026301780", "1026385612", "1026399968", 
"1026412752", "1026423621", "1026425703", "1026429643", "1026438385", 
"1026440675", "1026441468", "1026503666", "1026508011", "1026553569", 
"1026578144", "1026600011", "1026612684", "1026619074", "1026625568", 
"1026658304", "1026678046", "1026682797", "1026756297", "1026788112", 
"1026849156", "1026872062", "1027011644", "1027024658", "1027146019", 
"b-1024395559", "b-1026102869", "b-1026627106", "b-1026810712", 
"p-1025240501", "1019521207", "1019548355", "1019559340", "1019559361", 
"1019580107", "1019615426", "1019731083", "1019735274", "1019751618", 
"1019764845", "1019765559", "1019775286", "1019932418", "1019966280", 
"1019971795", "1020006262", "1020007144", "1020076353", "1020081152", 
"1020119202", "1020135769", "1020138329", "1020169668", "1020201167", 
"1020229433", "1020295182", "1020439591", "1020465300", "1020466435", 
"1020470304", "1020475110", "1020505300", "1020547446", "1020620475", 
"1020634556", "1020665360", "1020666256", "1020677131", "1020684836", 
"1020707125", "1020759373", "1020844192", "1020887945", "1020910929", 
"1020943061", "1020957495", "1020958110", "1020964206", "1020986997", 
"1021134181", "1021192684", "1021385513", "1021458287", "1021477602", 
"1021507863", "1021513010", "1021605022", "1021627978", "1021724364", 
"1021759433", "1021771783", "1021784714", "1021799150", "1021829063", 
"1021836977", "1021865085", "1021877221", "1021891875", "1021960442", 
"1022079822", "1022079842", "1022124593", "1022146958", "1022167485", 
"1022184732", "1022391899", "1022417626", "1022424788", "1022438424", 
"1022645200", "1022681349", "1023002205", "1023652476", "1023824951", 
"1023853856", "1024011606", "1024145577", "1024260045", "1024351407", 
"b-1022763640", "p-1022199490"), class = "factor"), url = structure(c(2L, 
9L, 12L, 42L, 69L, 13L, 14L, 22L, 25L, 48L, 41L, 74L, 82L, 84L, 
88L, 5L, 59L, 71L, 17L, 58L, 80L, 56L, 99L, 40L, 92L, 26L, 47L, 
73L, 65L, 11L, 72L, 86L, 29L, 30L, 3L, 7L, 64L, 27L, 36L, 49L, 
39L, 18L, 75L, 43L, 97L, 94L, 38L, 10L, 15L, 100L, 50L, 54L, 
19L, 90L, 44L, 83L, 95L, 91L, 62L, 77L, 21L, 52L, 46L, 31L, 96L, 
53L, 98L, 81L, 23L, 55L, 8L, 6L, 70L, 60L, 33L, 24L, 76L, 51L, 
20L, 45L, 79L, 87L, 34L, 37L, 66L, 68L, 35L, 85L, 61L, 63L, 93L, 
28L, 16L, 89L, 1L, 4L, 67L, 57L, 78L, 32L, 200L, 130L, 193L, 
181L, 159L, 198L, 117L, 135L, 141L, 107L, 101L, 164L, 168L, 196L, 
188L, 120L, 142L, 173L, 147L, 166L, 152L, 165L, 110L, 122L, 155L, 
190L, 104L, 153L, 131L, 195L, 194L, 172L, 116L, 115L, 197L, 176L, 
111L, 124L, 105L, 183L, 160L, 186L, 163L, 171L, 143L, 185L, 167L, 
146L, 139L, 151L, 106L, 199L, 184L, 121L, 113L, 114L, 170L, 126L, 
145L, 161L, 180L, 138L, 102L, 191L, 189L, 177L, 179L, 132L, 144L, 
123L, 157L, 118L, 192L, 148L, 175L, 169L, 150L, 133L, 158L, 119L, 
187L, 108L, 112L, 140L, 127L, 182L, 136L, 154L, 174L, 178L, 129L, 
109L, 103L, 128L, 149L, 134L, 137L, 156L, 125L, 162L, 268L, 239L, 
259L, 284L, 274L, 262L, 246L, 221L, 252L, 232L, 240L, 227L, 283L, 
278L, 286L, 215L, 224L, 203L, 229L, 270L, 263L, 257L, 204L, 225L, 
208L, 210L, 267L, 234L, 288L, 272L, 254L, 212L, 217L, 214L, 281L, 
282L, 264L, 231L, 248L, 251L, 256L, 207L, 291L, 242L, 265L, 244L, 
287L, 237L, 211L, 220L, 213L, 285L, 245L, 290L, 205L, 243L, 255L, 
247L, 261L, 277L, 222L, 276L, 271L, 250L, 219L, 228L, 258L, 273L, 
226L, 209L, 230L, 201L, 289L, 202L, 253L, 216L, 280L, 279L, 206L, 
249L, 233L, 218L, 266L, 235L, 269L, 260L, 223L, 236L, 238L, 275L, 
241L),