structure(list(ID = structure(c(56L, 55L, 54L, 53L, 52L, 51L, 
50L, 49L, 48L, 47L, 46L, 45L, 44L, 43L, 42L, 41L, 40L, 39L, 38L, 
37L, 36L, 35L, 34L, 33L, 32L, 31L, 30L, 29L, 28L, 27L, 26L, 25L, 
24L, 23L, 57L, 22L, 21L, 20L, 19L, 18L, 17L, 16L, 15L, 14L, 13L, 
12L, 11L, 10L, 9L, 8L, 7L, 6L, 5L, 4L, 3L, 2L, 1L), .Label = c("1019611785", 
"1020334146", "1020340540", "1020407188", "1020918660", "1021572796", 
"1022497333", "1022765595", "1022971987", "1023128334", "1023178173", 
"1023188285", "1023190949", "1023191029", "1023200696", "1023206250", 
"1023207190", "1023233530", "1023246427", "1023352856", "1023542215", 
"1023580093", "1023791516", "1023820931", "1024030263", "1024355018", 
"1024727009", "1024935626", "1025405837", "1025824811", "1026031298", 
"1026076933", "1026204837", "1026205560", "1026246249", "1026275142", 
"1026306340", "1026476036", "1026850495", "1027319403", "1027597755", 
"1027657431", "1027751473", "1028074063", "1028371689", "1028380664", 
"1028384236", "1028435030", "1028770595", "1028819231", "1029193297", 
"1029355323", "1029791777", "1029867761", "1030439288", "1030454015", 
"b-1023701869"), class = "factor"), url = structure(c(21L, 14L, 
22L, 2L, 20L, 43L, 8L, 51L, 38L, 46L, 37L, 45L, 7L, 3L, 36L, 
44L, 50L, 19L, 5L, 1L, 33L, 27L, 32L, 13L, 25L, 23L, 53L, 40L, 
18L, 16L, 54L, 56L, 11L, 9L, 52L, 49L, 42L, 41L, 30L, 15L, 55L, 
12L, 31L, 34L, 35L, 48L, 29L, 47L, 10L, 28L, 4L, 17L, 24L, 57L, 
26L, 6L, 39L), .Label = c("http://english.sakshi.com/world/2018/12/25/us-court-orders-n-korea-to-pay-501m-in-students-death", 
"http://pib.nic.in/newsite/PrintRelease.aspx?relid=186932", "http://www.asianage.com/india/all-india/281218/in-shillong-friends-at-a-time-of-conflict.html", 
"http://www.asianage.com/life/more-features/201218/mumbai-made-by-mills-migrants.html", 
"http://www.buainessdirectory.grandhaventribune.com/Health-Care/2018/12/20/Church-Hill-BMA-approves-resolution-opposing-proposed-healthcare-in-Kingsport.html", 
"http://www.mondaq.com/unitedstates/x/764598/Redundancy%2BLayoff/2018%2BLouisiana%2BEmployment%2BLaw%2BUpdate%2BLouisianas%2BOwn%2BVersion%2Bof%2Bthe%2BWARN%2BAct%2Bis%2BWorking%2BIts%2BWay%2BThrough%2BThe%2BLegislature", 
"http://www.mondaq.com/unitedstates/x/767096/Employee%2BBenefits%2BCompensation/Answers%2BTo%2BYour%2BFrequently%2BAsked%2BQuestions%2BAbout%2BMichigans%2BPaid%2BMedical%2BLeave%2BAct", 
"http://www.newindianexpress.com/nation/2018/dec/29/srinagar-diary-1917837.html", 
"http://www.newindianexpress.com/states/odisha/2018/dec/21/school-functions-without-nocstudents-forced-to-do-menial-jobs-1914554.html", 
"http://www.newindianexpress.com/states/tamil-nadu/2018/dec/20/triplicane-police-detain-10-thoothukudi-students-for-trying-to-stage-anti-sterlite-protests-in-chenn-1914169.html", 
"http://www.newindianexpress.com/states/tamil-nadu/2018/dec/21/plant-suffered-production-loss-of-30000-tonnes-a-month-1914424.html", 
"http://www.sify.com/news/sterlite-to-invest-rs-100-cr-plant-1-million-trees-in-tuticorin-news-national-smuvLkbbbfbcb.html", 
"http://www.sify.com/news/us-court-orders-n-korea-to-pay-501m-in-students-death-news-others-smzpEnjeaicbh.html", 
"https://inc42.com/features/2018-in-review-10-of-the-biggest-startup-failures-in-india", 
"https://indianexpress.com/article/cities/chennai/sterlite-says-it-has-sought-tnpcb-permission-for-reopening-5502910/", 
"https://indianexpress.com/article/india/cricket-match-fixing-2000-sanjeev-chawla-hansie-cronje-5505586/", 
"https://indianexpress.com/article/opinion/columns/anti-sikh-riots-1984-sajjan-kumar-delhi-indira-gandhi-assassination-thirty-four-years-later-5499496/", 
"https://indianexpress.com/article/sports/cricket/cricket-match-fixing-2000-sanjeev-chawla-hansie-cronje-5505586/", 
"https://indianexpress.com/article/world/as-china-cracks-down-on-churches-christians-declare-we-will-not-forfeit-our-faith-5510818/", 
"https://kashmirobserver.net/2018/local-news/pulwama-where-schools-remained-shut-213-days-2018-has-highest-pass-percentage-39088", 
"https://kashmirobserver.net/2019/opinion/where-are-winter-tutorials-last-year-39128", 
"https://swachhindia.ndtv.com/year-ender-2018-waste-management-landfill-how-indian-cities-dealt-with-landfill-crisis-29247/", 
"https://timesofindia.indiatimes.com/city/chennai/8000-tn-noon-meal-centres-face-closure/articleshow/67237938.cms", 
"https://timesofindia.indiatimes.com/city/goa/mining-firm-stops-bus-service-for-khazan-students-blames-shutdown/articleshow/67135850.cms", 
"https://timesofindia.indiatimes.com/city/mangaluru/villagers-revive-kannada-medium-government-school-in-bantwal/articleshow/67236106.cms", 
"https://timesofindia.indiatimes.com/home/education/news/a-school-of-equal-opportunity/articleshow/67126553.cms", 
"https://timesofindia.indiatimes.com/world/china/as-china-cracks-down-on-churches-christians-declare-we-will-not-forfeit-our-faith/articleshow/67243630.cms", 
"https://www.abplive.in/education-news/government-jobs-2018-live-updates-sarkari-naukri-2018-alert-tsunami-of-vacancies-in-indian-railways-up-police-banks-psus-others-780545", 
"https://www.aninews.in/news/sterlite-to-invest-rs-100-cr-plant-1-million-trees-in-tuticorin201812202055210002/", 
"https://www.business-standard.com/article/companies/sterlite-likely-to-restart-tamil-nadu-s-thoothukudi-unit-in-two-months-118122001309_1.html", 
"https://www.business-standard.com/article/news-ani/sterlite-to-invest-rs-100-cr-plant-1-million-trees-in-tuticorin-118122001202_1.html", 
"https://www.business-standard.com/article/news-ians/us-court-orders-n-korea-to-pay-501m-in-student-s-death-118122500303_1.html", 
"https://www.business-standard.com/article/pti-stories/dharamshala-schools-to-stay-open-on-pm-s-rally-day-dt-admin-118122500390_1.html", 
"https://www.business-standard.com/article/pti-stories/sterlite-copper-plans-to-spend-rs-100-cr-for-setting-up-social-infra-in-thoothukudi-118122001064_1.html", 
"https://www.business-standard.com/article/pti-stories/sterlite-says-it-has-sought-tnpcb-permission-for-reopening-118122001177_1.html", 
"https://www.business-standard.com/article/pti-stories/student-organisations-form-yincc-to-fight-against-anti-youth-policies-jnusu-president-118122700937_1.html", 
"https://www.business-standard.com/article/pti-stories/thousands-of-youth-to-hold-march-in-delhi-on-feb-7-118122800996_1.html", 
"https://www.businessinsider.in/its-insulting-players-banned-for-cheating-in-fallout-76-are-being-told-to-write-an-essay-to-reclaim-their-account/articleshow/67293449.cms", 
"https://www.dailyo.in/politics/peshawar-army-public-school-attack-december-16-is-not-pakistan-s-9-11-it-is-the-lowest-of-humanity/story/1/28358.html", 
"https://www.dnaindia.com/bollywood/report-vikas-khanna-like-cooking-filmmaking-is-about-observation-2699513", 
"https://www.financialexpress.com/industry/sterlite-moves-tnpcb-for-consent-hopes-to-begin-production-in-next-two-months/1420537/", 
"https://www.firstpost.com/business/sterlite-copper-plans-to-spend-rs-100-cr-for-setting-up-hospital-smart-school-in-thoothukudi-5768461.html", 
"https://www.firstpost.com/entertainment/2018s-20-best-tv-episodes-from-bojack-horsemans-free-churro-to-westworlds-kikusaya-5806851.html", 
"https://www.hindustantimes.com/india-news/four-students-in-andhra-made-to-strip-for-coming-late-to-school/story-XBg8zXY7X2cCDu5KJWWcfI.html", 
"https://www.ibtimes.co.in/must-watch-kannada-movies-2018-gultoo-villain-top-10-sandalwood-films-you-should-watch-788892", 
"https://www.latestly.com/agency-news/thousands-of-youth-to-hold-march-in-delhi-on-feb-7-562895.html", 
"https://www.livemint.com/Companies/rhUDKTSSJyd6lyq4MsrTnM/Sterlite-approaches-Tamil-Nadu-pollution-control-board-to-op.html", 
"https://www.moneycontrol.com/news/business/sterlite-copper-plans-to-spend-rs-100-cr-for-setting-up-social-infra-in-thoothukudi-3313571.html", 
"https://www.moneycontrol.com/news/business/sterlite-says-it-has-sought-tnpcb-permission-for-reopening-3314201.html", 
