structure(list(ID = structure(c(76L, 75L, 74L, 73L, 72L, 71L, 
70L, 69L, 68L, 67L, 66L, 65L, 64L, 63L, 62L, 61L, 60L, 59L, 58L, 
57L, 56L, 55L, 54L, 53L, 52L, 51L, 50L, 49L, 48L, 47L, 46L, 45L, 
44L, 43L, 42L, 41L, 40L, 39L, 38L, 37L, 36L, 35L, 34L, 33L, 32L, 
31L, 30L, 78L, 29L, 28L, 27L, 26L, 25L, 24L, 23L, 22L, 21L, 20L, 
19L, 18L, 17L, 16L, 15L, 14L, 13L, 12L, 77L, 11L, 10L, 9L, 8L, 
7L, 6L, 5L, 4L, 3L, 2L, 1L), .Label = c("1019731083", "1019741684", 
"1019944851", "1020344865", "1020587172", "1020587179", "1020765454", 
"1020887948", "1021142570", "1021232121", "1021257135", "1021614074", 
"1021799150", "1021818696", "1021836977", "1022146958", "1022152327", 
"1022373109", "1022472932", "1022739790", "1023002205", "1023246367", 
"1023481065", "1023565053", "1023662975", "1024152841", "1024383753", 
"1024428197", "1024509735", "1024812626", "1024979435", "1025067676", 
"1025278689", "1025480050", "1025531605", "1025533802", "1025551435", 
"1025697485", "1025732630", "1025792585", "1025888238", "1025997283", 
"1026054856", "1026429643", "1026612684", "1026668878", "1026706255", 
"1026849156", "1026851624", "1027012568", "1027545856", "1027718390", 
"1027986567", "1028184701", "1028646463", "1028778778", "1029303832", 
"1029480771", "1029512756", "1029594912", "1029744280", "1029803912", 
"1029853714", "1029929918", "1029954810", "1030283324", "1030348723", 
"1030355209", "1030374623", "1030383176", "1030439020", "1030466079", 
"1030469995", "1030477706", "1030491713", "1030528597", "b-1021299750", 
"b-1024639345"), class = "factor"), url = structure(c(46L, 42L, 
14L, 16L, 1L, 15L, 60L, 32L, 34L, 31L, 77L, 56L, 65L, 58L, 8L, 
35L, 19L, 11L, 74L, 64L, 17L, 30L, 23L, 43L, 72L, 18L, 2L, 55L, 
49L, 26L, 69L, 71L, 22L, 27L, 24L, 4L, 78L, 20L, 36L, 40L, 21L, 
53L, 44L, 3L, 47L, 50L, 7L, 59L, 61L, 63L, 52L, 9L, 54L, 29L, 
66L, 73L, 28L, 38L, 10L, 75L, 39L, 37L, 67L, 41L, 76L, 57L, 12L, 
45L, 70L, 25L, 13L, 6L, 48L, 51L, 33L, 5L, 62L, 68L), .Label = c("http://risingkashmir.com/news/gujarat-govt-directs-students-to-answer-roll-call-with-jai-hind-or-jai-bharat", 
"http://risingkashmir.com/news/mess-in-education-chinar-international-clarifies", 
"http://risingkashmir.com/news/mla-hostels-police-govt-deptts-not-paying-water-charges", 
"http://risingkashmir.com/news/standard-of-education-in-govt-run-schools-of-kashmir-extremely-poor-chinar-international", 
"http://www.assamtribune.com/scripts/detailsnew.asp?id=dec1718%2Fstate053", 
"http://www.assamtribune.com/scripts/detailsnew.asp?id=dec1818%2Fat059", 
"http://www.assamtribune.com/scripts/detailsnew.asp?id=dec2318%2Fcity053", 
"http://www.centralchronicle.com/railways-2018-from-engineless-to-longest-bogibeel-bridge-railways-more-fast-safer-pan-india-connected.html", 
"http://www.dailyexcelsior.com/dogri-can-be-saved/", "http://www.dailyexcelsior.com/igp-jammu-inaugurates-8th-police-martyrs-memorial-nz-t20-cship/", 
"http://www.easternmirrornagaland.com/flashback-2018-nagaland-goes-through-a-rollercoaster-ride/", 
"http://www.insightsonindia.com/2018/12/18/insights-daily-current-affairs-pib-18-december-2018/", 
"http://www.newindianexpress.com/cities/delhi/2018/dec/17/protesters-heckle-kejriwal-at-public-rally-in-sonipat-1912583.html", 
"http://www.newindianexpress.com/cities/thiruvananthapuram/2019/jan/01/welcoming-2019-with-new-promises-1918988.html", 
"http://www.newindianexpress.com/nation/2018/dec/31/want-to-see-gau-matas-in-shelters-not-on-madhya-pradesh-streets-kamal-nath-1918848.html", 
"http://www.newindianexpress.com/states/karnataka/2019/jan/01/2019-looking-forward-1919127.html", 
"http://www.newindianexpress.com/states/odisha/2018/dec/29/govt-initiatives-1918022.html", 
"http://www.rediff.com/business/special/the-events-of-2018/20181227.htm", 
"http://www.theshillongtimes.com/2018/12/31/national-nuggets-825/", 
"https://freepresskashmir.com/2018/12/24/after-productive-meet-with-afghan-leaders-next-stop-is-iran-says-pak-foreign-minister/", 
"https://freepresskashmir.com/2018/12/24/kcci-delegation-meets-guv-express-concern-over-civilian-killings-demand-space-for-peaceful-protests/", 
"https://indianexpress.com/article/cities/delhi/no-educators-signage-in-delhi-schools-for-differently-abled-5509318/", 
"https://indianexpress.com/article/education/flashback-2018-from-cbse-paper-leak-to-institute-of-eminence-education-news-5506369/", 
"https://indianexpress.com/article/india/jawahar-navodaya-vidyalayas-children-suicide-dalit-jnv-5508412/", 
"https://indianexpress.com/article/jobs/teachers-jobs/ap-dsc-teacher-recruitment-exam-2018-web-options-to-select-exam-centres-for-sgc-candidates-activated-5498892/", 
"https://indianexpress.com/article/jobs/teachers-jobs/apdsc-answer-keys-released-for-trt-and-tetcumtrt-exam-at-apdsc-apcfss-in-5510275/", 
"https://indianexpress.com/article/jobs/teachers-jobs/kendriya-vidyalaya-kvs-pgt-prt-exams-2018-check-paper-analysis-candidates-reactions-5507977/", 
"https://indianexpress.com/article/jobs/teachers-jobs/up-tet-revised-result-download-upbasiceduboard-gov-in-5502549/", 
"https://theprint.in/governance/20-lakh-seats-reserved-in-private-schools-for-poor-children-but-only-20-get-filled/166749/", 
"https://theprint.in/governance/cabinet-cleared-new-crz-notification-despite-reservations-from-top-ministers/170565/", 
"https://theprint.in/governance/despite-shutdown-and-disturbance-south-kashmir-shows-the-way-with-community-schooling/171461/", 
"https://theprint.in/governance/how-students-in-terror-hit-south-kashmir-beat-unrest-shutdowns-to-top-class-10-results/171461/", 
"https://theprint.in/governance/karnataka-civil-society-groups-want-govt-to-dump-iskcon-ngo-over-onion-garlic-row/164973/", 
"https://theprint.in/governance/ncert-social-science-books-to-get-thinner-from-next-academic-year/171280/", 
"https://theprint.in/governance/over-14-per-cent-villages-in-india-dont-have-schools-says-latest-data/170440/", 
"https://theprint.in/governance/schools-that-teach-ancient-indian-scriptures-will-now-have-a-cbse-like-board/168261/", 
"https://theprint.in/governance/why-onion-and-garlic-have-become-too-hot-to-handle-for-karnataka/166172/", 
"https://theprint.in/opinion/to-fix-indias-education-system-we-need-good-action-plans-not-policies/166434/", 
"https://theprint.in/talk-point/should-karnataka-govt-push-for-onion-garlic-in-midday-meal-or-let-iskcon-follow-own-plan/166016/", 
"https://theprint.in/theprint-essential/plugged-in/bjp-forced-to-share-seats-in-bihar-but-ayodhya-temple-push-is-alive/168162/", 
"https://timesofindia.indiatimes.com/city/gurgaon/not-ruins-these-are-government-run-schools-in-gurgaon-where-kids-attend-classes-every-day/articleshow/67152942.cms", 
"https://timesofindia.indiatimes.com/sports/more-sports/athletics/benedict-dcruzs-job-was-to-produce-athletes/articleshow/67333460.cms", 
"https://www.abplive.in/india-news/abp-bribery-sting-operation-case-registered-against-3-suspended-private-secretaries-allegedly-caught-taking-bribe-885421", 
"https://www.business-standard.com/article/current-affairs/jashn-e-rekhta-celebrating-urdu-despite-its-consistent-decline-in-india-118122400089_1.html", 
"https://www.business-standard.com/article/education/delhi-to-get-special-curriculum-to-train-students-become-entrepreneurs-118121800479_1.html", 
"https://www.business-standard.com/article/news-ani/students-teachers-hail-jai-hind-jai-bharat-decision-119010100691_1.html", 
"https://www.business-standard.com/article/news-ians/novel-robotic-system-capable-of-learning-ownership-relations-norms-118122300270_1.html", 
"https://www.business-standard.com/article/pti-stories/bengal-govt-asks-schools-to-display-syllabus-in-classrooms-118121701051_1.html", 
"https://www.business-standard.com/article/pti-stories/delhi-govt-to-beautify-five-entry-points-to-city-118122600628_1.html", 
"https://www.business-standard.com/article/pti-stories/haryana-party-founded-by-devi-lal-splits-118122300130_1.html", 
