structure(list(ID = structure(c(95L, 94L, 93L, 92L, 91L, 90L, 
89L, 88L, 87L, 86L, 85L, 84L, 83L, 82L, 81L, 80L, 79L, 78L, 77L, 
76L, 75L, 74L, 73L, 72L, 71L, 70L, 69L, 68L, 67L, 66L, 65L, 64L, 
63L, 62L, 61L, 60L, 59L, 58L, 57L, 56L, 55L, 96L, 54L, 53L, 52L, 
51L, 50L, 49L, 48L, 47L, 46L, 45L, 44L, 97L, 43L, 42L, 41L, 40L, 
39L, 38L, 37L, 36L, 35L, 34L, 33L, 32L, 31L, 30L, 29L, 28L, 27L, 
26L, 25L, 24L, 23L, 22L, 21L, 20L, 19L, 18L, 17L, 16L, 15L, 14L, 
13L, 12L, 11L, 10L, 9L, 8L, 7L, 6L, 5L, 4L, 3L, 2L, 1L), .Label = c("1021261269", 
"1021296317", "1021335598", "1021397057", "1021611749", "1021632312", 
"1021851245", "1021868353", "1021935066", "1021940104", "1022137452", 
"1022373109", "1022534728", "1022646909", "1022944844", "1023459506", 
"1023494933", "1023536659", "1023572405", "1023655554", "1023754284", 
"1023879544", "1024079067", "1024124277", "1024322690", "1024445154", 
"1024509735", "1024531784", "1024811011", "1024924797", "1025263294", 
"1025363776", "1025468424", "1025480050", "1025895560", "1025984999", 
"1026049753", "1026121332", "1026132741", "1026221557", "1026288463", 
"1026347041", "1026435381", "1026792968", "1027033540", "1027304458", 
"1027757139", "1027768237", "1027903721", "1027914321", "1027981981", 
"1028014879", "1028032105", "1028058772", "1028129532", "1028473441", 
"1028479256", "1028496617", "1028627055", "1028771324", "1028859097", 
"1028877015", "1028889948", "1028950016", "1028999184", "1029010305", 
"1029013211", "1029013980", "1029025758", "1029028357", "1029063575", 
"1029069045", "1029129239", "1029133942", "1029145751", "1029181965", 
"1029228161", "1029237575", "1029237943", "1029278534", "1029334450", 
"1029385650", "1029542308", "1029557046", "1029642985", "1029701825", 
"1029852802", "1029871729", "1029944550", "1029973052", "1030044041", 
"1030237956", "1030301565", "1030355209", "1030359645", "b-1028119958", 
"p-1026755538"), class = "factor"), url = structure(c(41L, 37L, 
49L, 58L, 89L, 3L, 12L, 38L, 11L, 53L, 64L, 62L, 91L, 76L, 13L, 
65L, 22L, 47L, 97L, 66L, 59L, 60L, 20L, 26L, 25L, 92L, 77L, 63L, 
61L, 90L, 71L, 70L, 54L, 24L, 75L, 82L, 46L, 85L, 10L, 27L, 83L, 
32L, 23L, 81L, 80L, 94L, 55L, 72L, 84L, 86L, 74L, 28L, 67L, 79L, 
68L, 45L, 34L, 33L, 7L, 6L, 19L, 56L, 29L, 52L, 73L, 1L, 88L, 
48L, 35L, 93L, 69L, 16L, 50L, 87L, 36L, 2L, 4L, 21L, 42L, 18L, 
43L, 9L, 14L, 57L, 40L, 96L, 78L, 30L, 95L, 31L, 39L, 8L, 44L, 
17L, 15L, 5L, 51L), .Label = c("http://mydigitalfc.com/miscellany/how-huawei-could-divide-world", 
"http://pib.nic.in/newsite/PrintRelease.aspx?relid=186730", "http://pib.nic.in/newsite/PrintRelease.aspx?relid=186983", 
"http://prahaar.in/among-the-most-forgotten-about-respond-to-for-straightforward-e-book-insider-report/", 
"http://prahaar.in/essential-elements-of-scholastic-language-publishing/", 
"http://prahaar.in/hints-about-methodology-area-revealed/", "http://prahaar.in/some-of-the-most-disregarded-remedy-for-straightforward-handbook-statement/", 
"http://risingkashmir.com/news/synchronize-curriculum-with-market-trends-tech-advances-advisor-ganai-to-jkbose", 
"http://southasiajournal.net/bangladesh-awami-league-bnp-align-with-islamic-parties-to-attract-voters/", 
"http://www.assamtribune.com/scripts/detailsnew.asp?id=dec2918%2Fstate064", 
"http://www.centralchronicle.com/number-of-children-declines-in-mp-govt-schools.html", 
"http://www.newindianexpress.com/cities/chennai/2018/dec/31/hits-and-misses-of-2018-1918524.html", 
"http://www.newindianexpress.com/nation/2018/dec/29/rajasthan-government-to-review-textbooks-reference-material-revised-by-previous-regime-1918134.html", 
"http://www.newspatrolling.com/microsoft-surface-go-launches-in-india/", 
"http://www.newspatrolling.com/mjunction-chhattisgarh-provide-education-using-mobile-phones-to-visually-impaired-students/", 
"http://www.newspatrolling.com/nine-tips-on-preparing-for-civil-services-examination/", 
"http://www.sify.com/finance/fullstory.php?a=smsqaqdedcahc&title=Surface_Go_to_add_big_to_our_growth_in_2019:_Microsoft_India", 
"http://www.theshillongtimes.com/2018/12/21/no-state-govt-order-on-heavy-school-bags-yet-children-suffer/", 
"https://bobrtimes.com/nasa-commented-on-the-possibility-of-the-existence-of-the-planet-nibiru/170315/", 
"https://indianexpress.com/article/cities/ahmedabad/secularism-safe-in-india-its-in-our-dna-venkaiah-naidu-5515473/", 
"https://indianexpress.com/article/education/neet-2019-over-15-lakh-registered-for-the-exam-says-dg-nta-vineet-joshi-5503657/", 
"https://indianexpress.com/article/education/rajasthan-govt-to-review-textbooks-reference-material-revised-by-previous-regime-5515690/", 
"https://indianexpress.com/article/education/tripura-to-introduce-ncert-syllabus-for-class-1-to-9-from-april-1-5513324/", 
"https://indianexpress.com/article/india/rajasthan-textbooks-review-gandhi-nehru-congress-5515069/", 
"https://indianexpress.com/article/india/rajasthan-to-review-changes-to-textbooks-made-under-bjp-govt-5515357/", 
"https://indianexpress.com/article/india/secularism-safe-some-trying-to-make-fun-of-patriotism-venkaiah-naidu-5515372/", 
"https://indianexpress.com/article/opinion/columns/indian-history-congress-that-wasnt-5514300/", 
"https://indianexpress.com/article/opinion/columns/rajasthan-congress-schoolbooks-telling-a-new-story-5510980/", 
"https://indianexpress.com/article/opinion/editorials/naseeruddin-shah-cow-remark-anupam-kher-anti-national-ashok-gehlot-5508215/", 
"https://indianexpress.com/article/parenting/learning/virtual-learning-education-school-children-5500205/", 
"https://kashmirobserver.net/2018/city-news/bose-asked-frame-curriculum-suit-market-trends-38793", 
"https://mostlyeconomics.wordpress.com/2018/12/28/2008-18-a-decade-where-mainstream-academic-world-and-mainstream-policy-world-went-own-ways/", 
"https://scroll.in/latest/906931/communists-want-to-destroy-indian-culture-like-mughals-and-british-tripura-cm-biplab-deb", 
"https://swarajyamag.com/videos/the-right-people-dr-satyapal-singh-on-the-inequality-of-rights-between-majority-and-minority-in-secular-india", 
"https://telanganatoday.com/fascinating-world-tomes", "https://telanganatoday.com/science-expo-at-gitam-university", 
"https://theprint.in/governance/ncert-social-science-books-to-get-thinner-from-next-academic-year/171280/", 
"https://theprint.in/governance/purvanchal-university-vc-who-incited-students-to-murder-is-a-geophysicist-msc-topper/171274/", 
"https://theprint.in/opinion/ashoka-university-did-what-famed-delhi-university-could-not-stand-by-its-teachers/165093/", 
"https://thewire.in/politics/the-hindu-right-should-remember-that-democracy-runs-deep-in-india", 
"https://timesofindia.indiatimes.com/city/bengaluru/mobile-labs-and-science-centres-help-govt-schoolkids-get-over-subject-fear/articleshow/67333732.cms", 
"https://timesofindia.indiatimes.com/city/chennai/no-cuts-in-class-xi-xii-textbook-content/articleshow/67185552.cms", 
"https://timesofindia.indiatimes.com/city/chennai/textbooks-with-qr-codes-a-hit-among-students/articleshow/67185283.cms", 
"https://timesofindia.indiatimes.com/city/coimbatore/when-students-got-into-the-shoes-of-artists-and-teachers-technicians/articleshow/67153016.cms", 
"https://timesofindia.indiatimes.com/city/hyderabad/poems-on-hyderabad-roads-mobile-library-on-a-mission/articleshow/67240008.cms", 
"https://timesofindia.indiatimes.com/city/jaipur/education-department-to-review-rss-influence-on-textbooks/articleshow/67295503.cms", 
"https://timesofindia.indiatimes.com/city/ludhiana/pseb-chairman-holds-meet-on-supply-of-textbooks/articleshow/67304338.cms", 
"https://timesofindia.indiatimes.com/city/mumbai/edu-policy-to-push-communication-course-at-phd-level-maths-scholar/articleshow/67212450.cms", 
"https://timesofindia.indiatimes.com/city/mumbai/remove-virginity-test-from-medical-textbooks-doctor/articleshow/67331226.cms", 
"https://timesofindia.indiatimes.com/city/pune/zp-teacher-tags-trees-with-qr-codes-to-prevent-illegal-tree-cutting/articleshow/67200860.cms", 
