structure(list(ID = structure(c(99L, 98L, 97L, 96L, 95L, 94L, 
93L, 92L, 91L, 90L, 89L, 88L, 87L, 86L, 85L, 84L, 83L, 82L, 81L, 
80L, 79L, 78L, 77L, 76L, 75L, 74L, 73L, 72L, 71L, 70L, 69L, 68L, 
67L, 66L, 65L, 64L, 63L, 62L, 61L, 60L, 59L, 58L, 57L, 56L, 55L, 
54L, 53L, 52L, 51L, 50L, 49L, 48L, 47L, 46L, 45L, 44L, 43L, 42L, 
41L, 100L, 40L, 39L, 38L, 37L, 36L, 35L, 34L, 33L, 32L, 31L, 
30L, 29L, 28L, 27L, 26L, 25L, 24L, 23L, 22L, 21L, 20L, 19L, 18L, 
17L, 16L, 15L, 14L, 13L, 12L, 11L, 10L, 9L, 8L, 7L, 6L, 5L, 4L, 
3L, 2L, 1L, 192L, 191L, 190L, 189L, 188L, 187L, 186L, 185L, 184L, 
183L, 182L, 181L, 180L, 179L, 178L, 177L, 176L, 175L, 174L, 173L, 
172L, 200L, 171L, 170L, 169L, 168L, 167L, 166L, 165L, 164L, 163L, 
162L, 161L, 199L, 160L, 159L, 158L, 157L, 156L, 155L, 198L, 154L, 
153L, 152L, 151L, 197L, 196L, 150L, 149L, 148L, 147L, 146L, 145L, 
195L, 144L, 143L, 142L, 141L, 140L, 139L, 138L, 137L, 136L, 135L, 
134L, 133L, 132L, 131L, 130L, 129L, 128L, 127L, 126L, 125L, 124L, 
123L, 194L, 122L, 121L, 120L, 119L, 118L, 117L, 116L, 115L, 114L, 
193L, 113L, 112L, 111L, 110L, 109L, 108L, 107L, 106L, 105L, 104L, 
103L, 102L, 101L, 292L, 291L, 290L, 289L, 288L, 287L, 286L, 300L, 
285L, 284L, 283L, 282L, 281L, 280L, 299L, 279L, 278L, 277L, 276L, 
275L, 298L, 274L, 273L, 272L, 271L, 270L, 293L, 269L, 268L, 267L, 
266L, 265L, 264L, 263L, 262L, 261L, 260L, 259L, 258L, 257L, 256L, 
255L, 254L, 253L, 252L, 251L, 250L, 249L, 248L, 247L, 297L, 246L, 
245L, 244L, 243L, 242L, 241L, 240L, 239L, 296L, 238L, 237L, 236L, 
235L, 234L, 233L, 232L, 231L, 230L, 295L, 229L, 228L, 227L, 226L, 
225L, 224L, 223L, 222L, 294L, 221L, 220L, 219L, 218L, 217L, 216L, 
215L, 214L, 213L, 212L, 211L, 210L, 209L, 208L, 207L, 206L, 205L, 
204L, 203L, 202L, 201L, 303L, 302L, 301L), .Label = c("1028705119", 
"1028706003", "1028721078", "1028789378", "1028819278", "1028889941", 
"1028937047", "1028974049", "1029017098", "1029181965", "1029221710", 
"1029303831", "1029308613", "1029324653", "1029332911", "1029334417", 
"1029343565", "1029347610", "1029347657", "1029359698", "1029360682", 
"1029360967", "1029385650", "1029390269", "1029396132", "1029397567", 
"1029407703", "1029503428", "1029522566", "1029523596", "1029539068", 
"1029539215", "1029553823", "1029594912", "1029599452", "1029602065", 
"1029657522", "1029701822", "1029744280", "1029770519", "1029823311", 
"1029880644", "1029889288", "1029931865", "1030037155", "1030040489", 
"1030044042", "1030072761", "1030091693", "1030103479", "1030118174", 
"1030118635", "1030138826", "1030170287", "1030229004", "1030282464", 
"1030283324", "1030283765", "1030294942", "1030301438", "1030301520", 
"1030306006", "1030329100", "1030329289", "1030343156", "1030343882", 
"1030349541", "1030356741", "1030358018", "1030358104", "1030359645", 
"1030359866", "1030364866", "1030372211", "1030376540", "1030382815", 
"1030397666", "1030405560", "1030412264", "1030413126", "1030413405", 
"1030417684", "1030438952", "1030440205", "1030454433", "1030466079", 
"1030514151", "1030516315", "1030528600", "1030528645", "1030531347", 
"1030533461", "1030548181", "1030567119", "1030584581", "1030619823", 
"1030641027", "1030681240", "1030712227", "p-1029820863", "1024993993", 
"1024998958", "1025004148", "1025071847", "1025133759", "1025256400", 
"1025263294", "1025313580", "1025323020", "1025329482", "1025378310", 
"1025427162", "1025480050", "1025527659", "1025531605", "1025540236", 
"1025613842", "1025618359", "1025623375", "1025630679", "1025632613", 
"1025643579", "1025796377", "1025864958", "1025899722", "1025923342", 
"1025933513", "1026056213", "1026076933", "1026091454", "1026094694", 
"1026113840", "1026207942", "1026221560", "1026379337", "1026399966", 
"1026412752", "1026429643", "1026492194", "1026517643", "1026522123", 
"1026568185", "1026572541", "1026578666", "1026624456", "1026642706", 
"1026668878", "1026686473", "1026692187", "1026703581", "1026738781", 
"1026738802", "1026757375", "1026844627", "1026921589", "1026994694", 
"1027009632", "1027022507", "1027096188", "1027146019", "1027303094", 
"1027322760", "1027325219", "1027347959", "1027414366", "1027571301", 
"1027718390", "1027725963", "1027738979", "1027768238", "1027888452", 
"1027983412", "1027987092", "1028080142", "1028092820", "1028097625", 
"1028133695", "1028146960", "1028153347", "1028158796", "1028170014", 
"1028190480", "1028194663", "1028231170", "1028260369", "1028319169", 
"1028633500", "1028640152", "1028642643", "1028682351", "1028695956", 
"1028696610", "p-1025517593", "p-1025776544", "p-1026608042", 
"p-1026730100", "p-1026737687", "p-1026849839", "p-1027225796", 
"p-1027932779", "1019731083", "1019735274", "1019751618", "1019764845", 
"1019775286", "1019888081", "1019928881", "1019928890", "1019964976", 
"1020007144", "1020067391", "1020075523", "1020081152", "1020083105", 
"1020093888", "1020161455", "1020169668", "1020197869", "1020201167", 
"1020229433", "1020369160", "1020431009", "1020689914", "1020755878", 
"1020796850", "1020887945", "1021063827", "1021192684", "1021385513", 
"1021421244", "1021627978", "1021636513", "1021664743", "1021765105", 
"1021786872", "1021793536", "1021802815", "1021818696", "1021888341", 
"1021911549", "1021931929", "1021936834", "1022034631", "1022071863", 
"1022146958", "1022152327", "1022479181", "1022601710", "1022655767", 
"1022763552", "1022780963", "1022815416", "1022833594", "1022944368", 
"1023002205", "1023006737", "1023047180", "1023091438", "1023274650", 
"1023316848", "1023323331", "1023401548", "1023481065", "1023514620", 
"1023544785", "1023623739", "1023658148", "1023663405", "1023666317", 
"1023726410", "1023780272", "1023780322", "1023796355", "1023879544", 
"1024093363", "1024195847", "1024231778", "1024302885", "1024351407", 
"1024415864", "1024430855", "1024436117", "1024509735", "1024526989", 
"1024575744", "1024809305", "1024875240", "1024924861", "1024964985", 
"1024965491", "1024979442", "1024987386", "b-1023701869", "p-1020380990", 
"p-1021386580", "p-1021833484", "p-1022343833", "p-1024055635", 
"p-1024397870", "p-1024637210", "1019514451", "1019515305", "1019544221"
), class = "factor"), url = structure(c(1L, 7L, 3L, 62L, 35L, 
42L, 56L, 15L, 41L, 52L, 53L, 4L, 60L, 2L, 55L, 65L, 13L, 49L, 
73L, 17L, 79L, 86L, 45L, 30L, 23L, 64L, 18L, 70L, 38L, 84L, 43L, 
63L, 27L, 48L, 97L, 81L, 67L, 24L, 22L, 100L, 76L, 89L, 98L, 
83L, 25L, 8L, 39L, 50L, 19L, 74L, 37L, 46L, 90L, 54L, 71L, 96L, 
31L, 11L, 16L, 85L, 75L, 33L, 47L, 6L, 40L, 21L, 20L, 92L, 94L, 
82L, 36L, 95L, 88L, 78L, 29L, 26L, 34L, 77L, 68L, 14L, 9L, 59L, 
58L, 91L, 12L, 44L, 69L, 51L, 72L, 80L, 66L, 93L, 32L, 28L, 57L, 
10L, 87L, 99L, 5L, 61L, 175L, 160L, 135L, 169L, 142L, 121L, 198L, 
132L, 145L, 108L, 156L, 115L, 114L, 117L, 134L, 181L, 144L, 197L, 
159L, 136L, 138L, 189L, 140L, 191L, 196L, 102L, 194L, 190L, 118L, 
101L, 161L, 149L, 171L, 120L, 199L, 129L, 130L, 106L, 139L, 155L, 
188L, 200L, 107L, 113L, 112L, 187L, 186L, 177L, 133L, 128L, 182L, 
172L, 168L, 185L, 157L, 180L, 174L, 165L, 163L, 122L, 125L, 103L, 
152L, 179L, 104L, 111L, 170L, 127L, 143L, 146L, 141L, 192L, 178L, 
164L, 137L, 151L, 184L, 109L, 116L, 110L, 158L, 176L, 105L, 119L, 
162L, 150L, 183L, 153L, 147L, 123L, 167L, 124L, 193L, 195L, 131L, 
173L, 154L, 148L, 126L, 166L, 234L, 257L, 228L, 252L, 237L, 262L, 
266L, 291L, 276L, 255L, 275L, 274L, 293L, 268L, 290L, 280L, 265L, 
243L, 294L, 295L, 289L, 207L, 217L, 254L, 214L, 270L, 292L, 282L, 
273L, 202L, 246L, 249L, 264L, 277L, 224L, 232L, 279L, 283L, 269L, 
233L, 201L, 229L, 218L, 250L, 253L, 206L, 221L, 261L, 247L, 239L, 
288L, 236L, 235L, 219L, 272L, 222L, 251L, 230L, 203L, 287L, 242L, 
248L, 238L, 213L, 263L, 227L, 216L, 220L, 298L, 286L, 258L, 267L, 
297L, 215L, 226L, 240L, 211L, 205L, 285L, 204L, 271L, 284L, 260L, 
231L, 210L, 300L, 212L, 299L, 244L, 245L, 259L, 223L, 209L, 208L, 
296L, 256L, 225L, 278L, 241L, 281L, 302L, 303L, 301L),