structure(list(ID = structure(c(97L, 96L, 95L, 94L, 93L, 92L, 
91L, 90L, 89L, 88L, 87L, 86L, 85L, 84L, 83L, 82L, 81L, 80L, 79L, 
78L, 77L, 76L, 75L, 74L, 73L, 72L, 71L, 70L, 69L, 68L, 67L, 66L, 
65L, 64L, 63L, 62L, 61L, 60L, 98L, 59L, 100L, 58L, 57L, 56L, 
55L, 99L, 54L, 53L, 52L, 51L, 50L, 49L, 48L, 47L, 46L, 45L, 44L, 
43L, 42L, 41L, 40L, 39L, 38L, 37L, 36L, 35L, 34L, 33L, 32L, 31L, 
30L, 29L, 28L, 27L, 26L, 25L, 24L, 23L, 22L, 21L, 20L, 19L, 18L, 
17L, 16L, 15L, 14L, 13L, 12L, 11L, 10L, 9L, 8L, 7L, 6L, 5L, 4L, 
3L, 2L, 1L, 200L, 199L, 198L, 197L, 196L, 195L, 194L, 193L, 192L, 
191L, 190L, 189L, 188L, 186L, 187L, 185L, 184L, 183L, 182L, 181L, 
180L, 179L, 178L, 177L, 176L, 175L, 173L, 174L, 172L, 171L, 170L, 
169L, 168L, 167L, 166L, 165L, 164L, 163L, 162L, 161L, 160L, 159L, 
158L, 157L, 156L, 155L, 154L, 153L, 152L, 151L, 150L, 149L, 148L, 
147L, 146L, 145L, 144L, 143L, 142L, 141L, 140L, 139L, 138L, 137L, 
136L, 135L, 134L, 133L, 132L, 131L, 130L, 129L, 128L, 127L, 126L, 
125L, 124L, 123L, 122L, 121L, 120L, 119L, 118L, 117L, 116L, 115L, 
114L, 113L, 111L, 112L, 110L, 109L, 108L, 107L, 106L, 105L, 104L, 
103L, 102L, 101L, 300L, 298L, 299L, 297L, 296L, 295L, 294L, 293L, 
292L, 291L, 290L, 289L, 288L, 287L, 286L, 285L, 284L, 283L, 282L, 
281L, 280L, 279L, 278L, 277L, 276L, 274L, 275L, 273L, 272L, 271L, 
270L, 269L, 268L, 267L, 266L, 265L, 264L, 263L, 262L, 261L, 260L, 
259L, 258L, 257L, 256L, 255L, 254L, 253L, 252L, 251L, 250L, 249L, 
248L, 247L, 246L, 245L, 244L, 243L, 242L, 241L, 240L, 239L, 238L, 
237L, 236L, 235L, 234L, 233L, 232L, 231L, 230L, 229L, 228L, 227L, 
226L, 224L, 225L, 223L, 222L, 221L, 220L, 219L, 218L, 217L, 216L, 
215L, 214L, 213L, 212L, 211L, 210L, 209L, 208L, 207L, 205L, 206L, 
204L, 203L, 202L, 201L, 324L, 323L, 322L, 321L, 320L, 319L, 318L, 
317L, 316L, 315L, 314L, 313L, 312L, 311L, 310L, 309L, 308L, 307L, 
306L, 305L, 304L, 303L, 302L, 301L), .Label = c("1026310104", 
"1026315364", "1026372918", "1026378627", "1026379586", "1026402182", 
"1026413032", "1026446379", "1026457605", "1026512131", "1026573990", 
"1026612690", "1026657733", "1026738838", "1026748287", "1026774978", 
"1026811669", "1026909108", "1026909945", "1026912523", "1026921472", 
"1026921495", "1027220948", "1027328107", "1027334624", "1027355250", 
"1027402787", "1027403997", "1027494237", "1027497494", "1027513610", 
"1027548855", "1027562519", "1027563262", "1027574607", "1027583118", 
"1027597244", "1027611342", "1027709300", "1027738979", "1027749477", 
"1027816369", "1027888452", "1027930040", "1027986437", "1028080142", 
"1028088645", "1028146960", "1028153122", "1028153347", "1028174327", 
"1028337958", "1028712440", "1028714378", "1028726173", "1028737531", 
"1028741712", "1028741714", "1028815101", "1028974049", "1029135261", 
"1029150588", "1029194956", "1029298080", "1029305654", "1029308584", 
"1029320176", "1029323006", "1029330878", "1029331882", "1029334393", 
"1029350279", "1029361950", "1029378163", "1029387803", "1029431540", 
"1029442925", "1029449334", "1029478052", "1029609175", "1029749763", 
"1029786994", "1029795181", "1029855913", "1029856733", "1029856790", 
"1029868580", "1029935206", "1029944813", "1029975578", "1029981385", 
"1030067186", "1030277015", "1030301645", "1030454946", "1030454967", 
"1030744405", "b-1028880626", "p-1028717053", "p-1028791170", 
"1020709728", "1020710304", "1020726849", "1020730864", "1020736164", 
"1020737205", "1020742343", "1020755010", "1020759028", "1020761301", 
"1020779948", "1020779975", "1020888586", "1021040233", "1021040743", 
"1021041920", "1021043753", "1021073267", "1021073645", "1021077132", 
"1021088543", "1021122446", "1021186182", "1021203820", "1021257133", 
"1021458370", "1021493959", "1021636610", "1021779618", "1021813083", 
"1021846158", "1021943634", "1022052641", "1022389115", "1022501534", 
"1022600959", "1022622129", "1022714537", "1022782756", "1022981416", 
"1023258182", "1023493342", "1023544785", "1023674192", "1023714332", 
"1023791532", "1024176765", "1024510951", "1024512080", "1024544474", 
"1024548554", "1024549588", "1024549989", "1024818734", "1024962264", 
"1024982133", "1025004148", "1025005517", "1025163325", "1025174151", 
"1025199883", "1025262519", "1025266450", "1025278672", "1025430669", 
"1025609086", "1025704479", "1026059279", "1026066913", "1026103357", 
"1026103986", "1026106912", "1026109864", "1026110043", "1026111632", 
"1026115904", "1026123374", "1026123859", "1026125398", "1026130429", 
"1026131575", "1026132310", "1026136785", "1026138715", "1026138945", 
"1026140409", "1026140423", "1026141566", "1026154638", "1026189287", 
"1026194126", "1026195471", "1026207895", "1026227180", "1026228155", 
"1026241828", "1026249203", "1026249638", "1026256970", "1026293121", 
"1019649764", "1019650297", "1019651461", "1019656412", "1019656883", 
"1019656999", "1019657990", "1019659541", "1019662576", "1019664157", 
"1019664583", "1019664598", "1019667663", "1019667664", "1019674117", 
"1019674819", "1019675862", "1019677515", "1019678258", "1019678893", 
"1019680039", "1019683286", "1019686851", "1019686866", "1019686867", 
"1019693480", "1019693697", "1019700702", "1019702086", "1019703534", 
"1019704309", "1019704737", "1019708099", "1019708112", "1019711809", 
"1019720946", "1019731086", "1019731095", "1019731527", "1019734667", 
"1019746724", "1019748771", "1019751201", "1019753478", "1019756287", 
"1019775573", "1019775789", "1019789392", "1019810597", "1019835067", 
"1019841558", "1019876329", "1019881389", "1019890066", "1019895278", 
"1019903519", "1019932637", "1019971842", "1019974346", "1019995214", 
"1019997732", "1020070088", "1020081152", "1020085881", "1020097428", 
"1020156578", "1020167791", "1020193621", "1020291235", "1020292925", 
"1020304143", "1020318265", "1020475943", "1020480552", "1020480902", 
"1020492312", "1020506350", "1020509615", "1020513549", "1020523511", 
"1020525177", "1020539733", "1020564843", "1020573600", "1020583953", 
"1020586790", "1020587207", "1020594487", "1020603781", "1020627399", 
"1020645053", "1020673133", "1020679459", "1020684896", "1020689914", 
"1020690930", "1020701751", "1020704452", "1020704615", "1020709544", 
"1019537566", "1019540697", "1019559480", "1019569217", "1019572034", 
"1019576583", "1019577661", "1019579535", "1019581446", "1019582247", 
"1019582946", "1019583901", "1019587635", "1019589039", "1019589881", 
"1019600201", "1019605517", "1019619466", "1019619523", "1019625026", 
"1019629815", "1019641867", "1019647992", "1019648685"), class = "factor"),