structure(list(ID = structure(c(41L, 40L, 39L, 38L, 37L, 36L, 
35L, 34L, 33L, 32L, 31L, 30L, 29L, 28L, 27L, 26L, 25L, 24L, 23L, 
22L, 21L, 20L, 19L, 44L, 18L, 17L, 16L, 15L, 14L, 13L, 12L, 11L, 
10L, 9L, 8L, 42L, 7L, 6L, 5L, 4L, 3L, 2L, 1L, 43L), .Label = c("1020431005", 
"1020452785", "1020611677", "1020621624", "1020689914", "1020773512", 
"1020788714", "1021636528", "1021802815", "1022622129", "1022704519", 
"1023342603", "1023716716", "1023726410", "1023872771", "1024231778", 
"1024436117", "1024812654", "1025450747", "1025677592", "1025692888", 
"1025712890", "1025729146", "1025792585", "1026020755", "1026121332", 
"1026207911", "1026316753", "1026599496", "1026749372", "1027210808", 
"1027508938", "1028193088", "1028194663", "1028471015", "1028471388", 
"1028484291", "1028494247", "1028762258", "1029640842", "1029692618", 
"2018-12-1021036540", "b-1020142818", "p-1025404213"), class = "factor"), 
    url = structure(c(43L, 18L, 36L, 22L, 3L, 16L, 41L, 8L, 39L, 
    19L, 17L, 11L, 30L, 23L, 10L, 2L, 4L, 44L, 34L, 38L, 31L, 
    29L, 25L, 12L, 5L, 37L, 26L, 13L, 35L, 33L, 21L, 24L, 15L, 
    28L, 9L, 20L, 7L, 14L, 6L, 42L, 40L, 27L, 1L, 32L), .Label = c("http://pib.nic.in/newsite/PrintRelease.aspx?relid=186498", 
    "http://prahaar.in/hints-about-methodology-area-revealed/", 
    "http://risingkashmir.com/news/publishing-company-fined-rs-75000-by-lmd", 
    "http://www.asianage.com/metros/mumbai/251218/thousands-support-ban-on-animal-use-in-circuses.html", 
    "http://www.assamtribune.com/scripts/detailsnew.asp?id=dec2318%2Fstate056", 
    "http://www.easternmirrornagaland.com/suggestive-measures-on-educational-perspective/", 
    "http://www.jantakareporter.com/india/two-students-die-after-school-wall-collapses-in-noida/223854/", 
    "http://www.newindianexpress.com/cities/chennai/2018/dec/28/lack-of-toilets-in-school-leads-to-open-defecation-1917405.html", 
    "http://www.newindianexpress.com/nation/2018/dec/18/bihar-school-segregates-students-on-caste-lines-1913196.html", 
    "http://www.newindianexpress.com/nation/2018/dec/25/peta-backs-centres-proposal-for-banning-animals-in-circus-1916131.html", 
    "http://www.newindianexpress.com/states/odisha/2018/dec/26/governor-stress-on-teachers-role-1916668.html", 
    "http://www.pressreleasepoint.com/what-partial-government-shutdown-means-city-leaders", 
    "http://www.theshillongtimes.com/2018/12/21/caught-copying-d-el-ed-examinees-assault-inspector-of-schools/", 
    "https://indianexpress.com/article/delhi/noida-2-students-dead-5-injured-in-salarpur-school-wall-collapse-5498157/", 
    "https://indianexpress.com/article/education/in-bihar-school-students-made-to-sit-caste-wise-to-identify-dole-beneficiaries-5501373/", 
    "https://kashmirobserver.net/2018/city-news/publisher-fined-selling-books-higher-rates-39061", 
    "https://mumbaimirror.indiatimes.com/mumbai/civic/metro-work-road-digging-stall-residents-movements/articleshow/67265039.cms", 
    "https://scroll.in/article/906846/what-a-honduran-teens-trauma-says-about-tackling-of-sexual-assault-cases-in-us-immigrant-centres", 
    "https://swarajyamag.com/economy/kisan-decision-support-system-come-this-kharif-agri-ministry-to-rollout-nation-wide-demand-forecasting-system-for-crops-and-veggies", 
    "https://swarajyamag.com/insta/islamic-imposition-up-school-principal-brutally-beats-up-students-for-not-wishing-him-with-as-salaam-alaikum", 
    "https://telanganatoday.com/dumping-waste-ghmc-to-act-tough-against-govt-depts", 
    "https://telanganatoday.com/rtc-buses-ply-without-first-aid-kits", 
    "https://thewire.in/rights/in-immigrant-childrens-shelters-sexual-assault-cases-are-open-and-shut", 
    "https://timesofindia.indiatimes.com/city/delhi/school-survey-causes-fresh-govt-corpn-rift/articleshow/67169561.cms", 
    "https://timesofindia.indiatimes.com/city/delhi/vehicle-testing-centres-rebirth-on-course-in-delhi/articleshow/67222320.cms", 
    "https://timesofindia.indiatimes.com/city/gurgaon/students-allege-sexual-harassment-by-teacher-in-badshapur/articleshow/67201220.cms", 
    "https://timesofindia.indiatimes.com/city/hyderabad/tsmc-officials-unhappy-with-school-condition/articleshow/67123884.cms", 
    "https://timesofindia.indiatimes.com/city/noida/education-dept-to-inspect-all-primary-schools/articleshow/67153452.cms", 
    "https://timesofindia.indiatimes.com/india/peta-india-submits-petition-backing-centres-proposal-to-ban-animals-in-circuses/articleshow/67231022.cms", 
    "https://www.business-standard.com/article/international/sexual-assault-cases-in-us-shelters-for-immigrant-kids-are-open-and-shut-118122600124_1.html", 
    "https://www.business-standard.com/article/pti-stories/peta-india-submits-petition-backing-centre-s-proposal-to-ban-animals-in-circuses-118122400532_1.html", 
    "https://www.chennaiclassic.com/1-Chennai/posts/12/72-Repairs-Maintenance-Services/5286271-Bathroom-Waterproofing-Services.html", 
    "https://www.firstpost.com/business/niti-aayog-has-lost-its-direction-think-tank-does-not-put-forward-strategic-and-structural-changes-5769381.html", 
    "https://www.firstpost.com/india/peta-india-backs-centres-proposal-to-ban-animals-in-circuses-submits-petition-signed-by-over-8000-people-5784181.html", 
    "https://www.hindustantimes.com/education/here-s-why-jharkhand-government-is-planning-to-shut-6-646-schools/story-Dc4yti1lzbBXHu9p5rHfkK.html", 
    "https://www.hindustantimes.com/patna/muzaffarpur-shelter-home-horror-blast-at-bodh-gaya-crimes-that-rocked-bihar-government-in-2018/story-8KfWBY0j2oBbIuTfUOdvEK.html", 
    "https://www.hindustantimes.com/ranchi/iim-to-study-impact-of-primary-school-merger-in-jharkhand/story-AO8N0uUTtcg5GPXywdw16N.html", 
    "https://www.moneycontrol.com/news/environment/peta-india-submits-petition-backing-centres-proposal-to-ban-animals-in-circuses-3322371.html", 
    "https://www.thehindu.com/entertainment/art/this-is-how-art-beats-in-bengaluru/article25850523.ece", 
    "https://www.thehindu.com/news/national/girls-who-eloped-kept-at-govt-homes-finds-ncw-study/article25765579.ece", 
    "https://www.thehindu.com/news/national/kerala/tuition-centres-in-rights-panels-crosshairs/article25854720.ece", 
    "https://www.thehindubusinessline.com/news/education/now-application-for-cbse-affiliation-goes-fully-online/article25765428.ece", 
    "https://www.thequint.com/news/india/kolkata-news-metro-fire-probe-continues-mrinal-sen-dead", 
    "https://www.thequint.com/news/india/ncw-committee-women-shelters-wcd-ministry"
    ), class = "factor"), details = list(structure(list(), .Names = character(0), row.names = integer(0), class = "data.frame"), 
        structure(list(uri = "michael_grabell@scroll.in", name = "Michael Grabell", 
            type = "author", isAgency = FALSE), class = "data.frame", row.names = 1L), 
        structure(list(uri = "avinash_kumar@hindustantimes.com", 
            name = "Avinash Kumar", type = "author", isAgency = FALSE), class = "data.frame", row.names = 1L), 
        structure(list(uri = "sunny_baski@telanganatoday.com", 
            name = "Sunny Baski", type = "author", isAgency = FALSE), class = "data.frame", row.names = 1L), 
        structure(list(), .Names = character(0), row.names = integer(0), class = "data.frame"), 
        structure(list(), .Names = character(0), row.names = integer(0), class = "data.frame"), 
        structure(list(uri = "tiki_rajwi@thehindu.com", name = "Tiki Rajwi", 
            type = "author", isAgency = FALSE), class = "data.frame", row.names = 1L), 
        structure(list(uri = "http@newindianexpress.com", name = "http", 
            type = "author", isAgency = FALSE), class = "data.frame", row.names = 1L), 
        structure(list(uri = "shailaja_tripathi@thehindu.com", 
            name = "Shailaja Tripathi", type = "author", isAgency = FALSE), class = "data.frame", row.names = 1L), 
        structure(list(), .Names = character(0), row.names = integer(0),