structure(list(ID = structure(73:1, .Label = c("1019717566", 
"1020095869", "1021165519", "1021170159", "1021177947", "1021203818", 
"1021281587", "1021917863", "1022005763", "1022007214", "1022010575", 
"1022033100", "1022056202", "1022595474", "1022923324", "1022959146", 
"1022971169", "1022972136", "1022986304", "1023027433", "1023028543", 
"1023032936", "1023052281", "1023075494", "1023082589", "1023100792", 
"1023275903", "1023304548", "1023346051", "1023383570", "1023572338", 
"1023606443", "1023791516", "1023943210", "1024354643", "1025044725", 
"1025110274", "1025111984", "1025235771", "1025425913", "1025450277", 
"1025904285", "1025923341", "1026089990", "1026541120", "1026590375", 
"1026703595", "1026820665", "1027111240", "1027314916", "1027446117", 
"1027515131", "1027535241", "1027540867", "1027541090", "1027559735", 
"1027562534", "1027572812", "1027574650", "1027700048", "1027749477", 
"1027843606", "1028058772", "1028632121", "1028690062", "1029063638", 
"1029265819", "1029398308", "1029495330", "1029594912", "1029613005", 
"1029697918", "1030678022"), class = "factor"), url = structure(c(18L, 
60L, 13L, 11L, 36L, 4L, 19L, 41L, 69L, 48L, 15L, 26L, 40L, 63L, 
33L, 65L, 35L, 58L, 68L, 10L, 8L, 30L, 31L, 49L, 2L, 17L, 51L, 
50L, 24L, 23L, 56L, 14L, 12L, 57L, 21L, 45L, 38L, 53L, 22L, 55L, 
7L, 39L, 25L, 20L, 3L, 16L, 72L, 71L, 73L, 54L, 70L, 28L, 43L, 
62L, 29L, 1L, 44L, 37L, 46L, 27L, 67L, 34L, 59L, 9L, 64L, 5L, 
66L, 32L, 47L, 61L, 42L, 6L, 52L), .Label = c("http://pragativadi.com/bollywood-actors-comments-spark-row/", 
"http://www.dailyexcelsior.com/nia-busts-isis-inspired-module-planning-suicide-attacks/", 
"http://www.dailyexcelsior.com/police-reforms/", "http://www.jantakareporter.com/india/commit-murder-if-you-can-i-will-take-care-of-matter-purvanchal-university-vc-raja-ram-yadav-to-students/225216/", 
"http://www.mondaq.com/unitedstates/x/765266/Healthcare/Public%2BBranding%2BThe%2BOIGs%2BNew%2BMethod%2BOf%2BPunishing%2BHealth%2BCare%2BEntities", 
"http://www.newindianexpress.com/states/karnataka/2018/dec/16/boiler-blast-at-sugar-factory-kills-four-injures-5-in-karnataka-1912292.html", 
"http://www.newindianexpress.com/states/odisha/2018/dec/21/school-functions-without-nocstudents-forced-to-do-menial-jobs-1914554.html", 
"http://www.sify.com/news/andhra-teacher-arrested-for-making-students-strip-as-punishment-news-national-sm1taHffecfej.html", 
"http://www.sify.com/news/bulandshahr-violence-slain-youths-family-meets-up-cm-news-others-smtoEojebhhbj.html", 
"http://www.sify.com/news/tv-sting-yogi-orders-suspension-of-three-ps-to-ministers-forms-sit-news-others-sm1tadiieffii.html", 
"http://www.theshillongtimes.com/2018/12/31/national-nuggets-825/", 
"https://citytoday.news/parents-have-to-unearth-talent-in-children-s-swamy/", 
"https://indianexpress.com/article/cities/mumbai/mumbai-confidential-delhi-dinesh-kumar-jain-chief-secretary-central-election-commission-excise-minister-5516356/", 
"https://indianexpress.com/article/cities/pune/recruited-via-dummy-candidate-racket-talathi-started-his-own-racket-on-the-side-5508250/", 
"https://indianexpress.com/article/education/tripura-to-introduce-ncert-syllabus-for-class-1-to-9-from-april-1-5513324/", 
"https://indianexpress.com/article/opinion/columns/open-letter-to-general-bipin-rawat-indian-army-dont-let-her-down-general-women-combat-5502950/", 
"https://starofmysore.com/city-schools-celebrate-annual-day/", 
"https://telanganatoday.com/child-labourers-get-new-lease-of-life", 
"https://theprint.in/opinion/nehru-accused-k-m-munshi-of-engaging-in-hindu-revivalism-through-the-somnath-temple-project/25283/", 
"https://thewire.in/rights/complete-impunity-for-those-who-take-law-in-own-hands-naseeruddin-shah", 
"https://timesofindia.indiatimes.com/blogs/strategic-insights/naseeruddin-shah-koh-gussa-kyon-aataa-hai/", 
"https://timesofindia.indiatimes.com/city/ahmedabad/cops-give-young-traffic-offenders-a-new-way-out/articleshow/67201019.cms", 
"https://timesofindia.indiatimes.com/city/meerut/rs-3l-fine-on-12-officials-for-delaying-rti-replies/articleshow/67236018.cms", 
"https://timesofindia.indiatimes.com/city/mumbai/chemical-spill-from-tanker-causes-scooterist-to-lose-vision-in-right-eye/articleshow/67248963.cms", 
"https://timesofindia.indiatimes.com/city/mumbai/cows-death-now-more-important-than-cops-naseeruddin-shah/articleshow/67186131.cms", 
"https://timesofindia.indiatimes.com/city/noida/fee-panel-to-discuss-plaints-against-2-schools/articleshow/67279233.cms", 
"https://timesofindia.indiatimes.com/city/vadodara/maternal-uncles-thrash-nephew-in-his-shop/articleshow/67169059.cms", 
"https://timesofindia.indiatimes.com/entertainment/hindi/bollywood/news/death-of-cow-given-more-significance-than-that-of-police-officer-naseeruddin-shah/articleshow/67178267.cms", 
"https://www.abplive.in/india-news/naseeruddin-shah-says-death-of-cow-is-more-significance-than-that-of-cop-in-todays-india-881009", 
"https://www.aninews.in/news/andhra-teacher-arrested-for-making-students-strip-as-punishment201812271828120001/", 
"https://www.business-standard.com/article/current-affairs/up-sting-operation-yogi-orders-for-filing-firs-sit-probe-against-staff-118122700539_1.html", 
"https://www.business-standard.com/article/economy-policy/govt-to-announce-ranking-of-states-uts-on-startup-development-on-dec-20-118121800491_1.html", 
"https://www.business-standard.com/article/news-ani/andhra-teacher-arrested-for-making-students-strip-as-punishment-118122700744_1.html", 
"https://www.business-standard.com/article/news-ians/bulandshahr-violence-slain-youth-s-family-meets-up-cm-118121900478_1.html", 
"https://www.business-standard.com/article/news-ians/tv-sting-yogi-orders-suspension-of-three-ps-to-ministers-forms-sit-118122700766_1.html", 
"https://www.business-standard.com/article/pti-stories/daribhit-incident-di-s-suspension-withdrawn-118123000597_1.html", 
"https://www.business-standard.com/article/pti-stories/death-of-cow-given-more-significance-than-that-of-police-officer-naseeruddin-shah-118122000587_1.html", 
"https://www.business-standard.com/article/pti-stories/pm-to-unveil-odisha-projects-monday-address-rallies-in-jan-118122300364_1.html", 
"https://www.dayafterindia.com/2018/12/21/death-of-cow-given-more-significance-than-that-of-police-officer-naseeruddin-shah/", 
"https://www.deccanchronicle.com/nation/current-affairs/281218/shocking-kids-late-to-school-told-to-stand-naked-in-tirupati.html", 
"https://www.deccanchronicle.com/nation/politics/301218/sudha-seshayyan-is-vc-of-tamil-nadu-mgr-medical-varsity.html", 
"https://www.dnaindia.com/business/report-ranking-of-states-uts-on-startup-development-to-be-announced-on-dec-20-2697494", 
"https://www.dnaindia.com/india/report-cow-more-important-than-police-officer-gajendra-chahuan-asks-naseeruddin-shah-to-wait-for-probe-to-end-2698395", 
"https://www.financialexpress.com/india-news/bulandshahr-violence-naseeruddin-shah-expresses-concern-over-the-incident-here-is-what-the-veteran-actor-says/1420006/", 
"https://www.financialexpress.com/india-news/prime-minister-narendra-modi-to-unveil-odisha-projects-monday-address-rallies-in-january/1422867/", 
"https://www.financialexpress.com/industry/sme/dipp-state-wise-startup-rankings-gujarat-best-state-for-startups-here-are-other-top-performers/1419824/", 
"https://www.firstpost.com/business/ranking-of-states-union-territories-on-startup-development-to-be-announced-on-20-december-5751141.html", 
"https://www.firstpost.com/india/daily-bulletin-iaf-navy-join-rescue-efforts-in-meghalaya-mine-anupam-kher-opposes-screening-of-the-accidental-pm-mp-cm-distributes-portfolios-days-top-stories-5807941.html", 
"https://www.hindustantimes.com/education/in-a-first-2-private-schools-of-noida-to-return-hiked-fees/story-NKzCtqeDbTH4PFWCBok5qO.html", 
"https://www.hindustantimes.com/noida/police-arrest-father-son-duo-after-punishment-video-goes-viral-in-ghaziabad/story-GvePDDC5L9EVl1oZaFoZvN.html", 
