structure(list(ID = structure(c(59L, 58L, 57L, 56L, 55L, 54L, 
53L, 52L, 51L, 50L, 49L, 48L, 47L, 46L, 45L, 44L, 43L, 42L, 41L, 
40L, 39L, 38L, 37L, 36L, 35L, 34L, 33L, 32L, 31L, 30L, 29L, 28L, 
27L, 26L, 25L, 60L, 24L, 23L, 22L, 21L, 20L, 19L, 18L, 17L, 16L, 
15L, 14L, 13L, 12L, 11L, 10L, 9L, 8L, 7L, 6L, 5L, 4L, 3L, 2L, 
1L), .Label = c("1019534140", "1019557018", "1019762972", "1020053087", 
"1020113553", "1020587179", "1020588505", "1020689914", "1020713677", 
"1020755883", "1020848519", "1021075610", "1021840659", "1021940104", 
"1022103268", "1022962656", "1022966676", "1023481065", "1023565053", 
"1023663405", "1023695083", "1024030263", "1024383753", "1024509735", 
"1024901320", "1024980486", "1025089533", "1025241425", "1025450864", 
"1025923336", "1026056308", "1026124357", "1026265423", "1026412750", 
"1026541864", "1027220961", "1027490161", "1027567490", "1027605479", 
"1027703281", "1027725978", "1027815211", "1028104774", "1028135197", 
"1028602155", "1028937047", "1029111066", "1029347651", "1029354583", 
"1029367567", "1029674688", "1029768140", "1029781401", "1029860887", 
"1029888614", "1029973052", "1030348723", "1030374623", "1030413353", 
"b-1024639345"), class = "factor"), url = structure(c(14L, 23L, 
22L, 1L, 8L, 47L, 52L, 55L, 36L, 57L, 53L, 30L, 10L, 19L, 35L, 
37L, 27L, 4L, 2L, 18L, 32L, 34L, 51L, 24L, 59L, 3L, 12L, 40L, 
28L, 48L, 29L, 45L, 7L, 39L, 60L, 44L, 46L, 33L, 58L, 6L, 42L, 
21L, 49L, 54L, 9L, 56L, 17L, 41L, 16L, 50L, 26L, 20L, 5L, 13L, 
31L, 38L, 11L, 43L, 15L, 25L), .Label = c("http://pib.nic.in/newsite/PrintRelease.aspx?relid=186983", 
"http://risingkashmir.com/news/governor-chairs-high-level-vcs-meet", 
"http://risingkashmir.com/news/shujaatbukhari-an-icon-of-peace-journalism", 
"http://www.dailyexcelsior.com/guv-asks-vcs-for-strict-compliance-of-academic-calendar-ugc-norms/", 
"http://www.easternmirrornagaland.com/suggestive-measures-on-educational-perspective/", 
"http://www.mondaq.com/uk/x/766304/employee%2Brights%2Blabour%2Brelations/Employment%2BLaw%2B2018%2BReview%2BAnother%2BYear%2BNearly%2BOver", 
"http://www.newindianexpress.com/states/tamil-nadu/2018/dec/23/fifty-years-on-keezhvenmani-waiting-for-daylight-1915275.html", 
"http://www.newindianexpress.com/world/2018/dec/31/bangladesh-uses-evms-for-first-time-in-general-election-1918737.html", 
"http://www.sify.com/news/dancer-mavin-khoo-to-conduct-bharatanatyam-performance-in-chennai-news-national-smuqzOidbgeac.html", 
"http://www.theshillongtimes.com/2018/12/30/breaking-the-deadlock/", 
"https://bobrtimes.com/scientists-have-uncovered-the-secret-of-the-formation-of-large-snowflakes/164759/", 
"https://chandigarhmetro.com/ctet-2018-17-lakh-candidates-still-wait-for-answer-key-know-more-details/", 
"https://indianexpress.com/article/education/bengal-govt-asks-schools-to-display-syllabus-in-classrooms-5498069/", 
"https://indianexpress.com/article/india/the-kunnakkudi-m-balamurali-krishna-interview-most-of-my-music-happens-in-my-mind-5518512/", 
"https://indianexpress.com/article/lifestyle/books/college-street-booksellers-presidency-university-kolkata-5495720/", 
"https://indianexpress.com/article/parenting/family/teach-children-non-verbal-communication-body-language-5498666/", 
"https://indianexpress.com/article/parenting/learning/virtual-learning-education-school-children-5500205/", 
"https://kashmirobserver.net/2018/local-news/governor-lays-stress-varsities-research-capabilities-39022", 
"https://swachhindia.ndtv.com/swachhagrahis-inspired-swachh-bharat-abhiyaan-government-of-india-2018-29228/", 
"https://telanganatoday.com/tspsc-notches-rare-feat", "https://theprint.in/governance/20-lakh-seats-reserved-in-private-schools-for-poor-children-but-only-20-get-filled/166749/", 
"https://theprint.in/governance/despite-shutdown-and-disturbance-south-kashmir-shows-the-way-with-community-schooling/171461/", 
"https://theprint.in/governance/how-students-in-terror-hit-south-kashmir-beat-unrest-shutdowns-to-top-class-10-results/171461/", 
"https://timesofindia.indiatimes.com/city/bengaluru/librarian-seeks-parity-with-varsity-teachers-hc-orders-notice-to-govt/articleshow/67263066.cms", 
"https://timesofindia.indiatimes.com/city/chennai/a-shelter-for-life-of-safety-security-for-transsexuals/articleshow/67110472.cms", 
"https://timesofindia.indiatimes.com/city/coimbatore/govt-schools-go-in-for-technology-to-make-teaching-learning-livelier/articleshow/67135981.cms", 
"https://timesofindia.indiatimes.com/entertainment/telugu/movie-reviews/idam-jagath/movie-review/67285053.cms", 
"https://timesofindia.indiatimes.com/life-style/spotlight/for-me-dance-is-like-breath-vyjayanthi-kashi/articleshow/67233305.cms", 
"https://www.business-standard.com/article/entertainment/2018-in-films-venom-to-black-panther-witchy-hits-major-disappointments-118122400077_1.html", 
"https://www.business-standard.com/article/pti-stories/bangladesh-uses-evms-for-first-time-in-general-election-118123000326_1.html", 
"https://www.business-standard.com/article/pti-stories/bengal-govt-asks-schools-to-display-syllabus-in-classrooms-118121701051_1.html", 
"https://www.business-standard.com/article/pti-stories/j-k-guv-lays-stress-on-varsities-research-capabilities-118122700898_1.html", 
"https://www.business-standard.com/article/pti-stories/pinnacle-blooms-network-with-patented-mirracle-system-offers-franchise-118122200117_1.html", 
"https://www.businessinsider.in/medical-students-use-this-lifelike-robot-that-actually-bleeds-cries-and-urinates/articleshow/67274992.cms", 
"https://www.dnaindia.com/bollywood/interview-sonu-sood-negative-roles-have-more-layers-to-portray-2701478", 
"https://www.financialexpress.com/india-news/winter-session-2018-today-in-rajya-sabha-6/1429300/", 
"https://www.financialexpress.com/money/income-tax/do-you-know-about-these-5-serious-tax-mistakes-that-can-ruin-your-finances/1427489/", 
"https://www.firstpost.com/entertainment/antariksham-varun-tej-aditi-rao-hydari-on-bringing-the-space-thriller-genre-to-telugu-cinema-5741661.html", 
"https://www.firstpost.com/india/in-maharashtras-shirgaon-village-a-farmer-poet-defies-stereotypes-seeks-freedom-through-her-words-5778561.html", 
"https://www.hindustantimes.com/cities/para-teachers-begin-hunger-strike-jharkhand-government-invites-them-for-talks-by-dec-26/story-ijv4wP0F1tY51IJiPbnQKI.html", 
"https://www.hindustantimes.com/gurgaon/20-month-old-allegedly-beaten-kept-hungry-for-4-hours-at-gurugram-day-care-centre-case-filed/story-E2JQhRlapEqpSVL16ydgsI.html", 
"https://www.hindustantimes.com/lucknow/school-bank-set-up-credit-goes-to-students-in-up/story-1fgJKghTuYMNbdgl5Rsq3M.html", 
"https://www.hindustantimes.com/travel/virtual-tours-of-railway-heritage-sites-in-trains-classrooms-to-begin-soon/story-n3wtrkWLTXAy38EWHuvSbO.html", 
"https://www.indgovtjobs.in/2015/05/Sainik-School-Bhubaneswar.html", 
"https://www.indiatimes.com/news/india/2018-brought-acceptance-of-lgbt-people-at-indian-workplaces-feels-former-mr-gay-world-357758.html", 
"https://www.indiatoday.in/education-today/how-i-made-it/story/iron-lady-sujata-sahu-transforming-ladakh-mountain-schools-html-1414511-2018-12-21", 
"https://www.indiatoday.in/india/story/book-review-the-scent-of-god-1420494-2018-12-31", 
"https://www.indiatoday.in/magazine/anniversary-issue/story/20181231-of-dreams-and-drapes-small-town-designers-1414216-2018-12-23", 
"https://www.indiatoday.in/mail-today/story/teacher-shortage-govt-schools-1414146-2018-12-21", 
"https://www.investing.com/news/economy-news/how-a-35-trillion-cash-injection-is-affecting-ordinary-japanese-1724121", 
"https://www.medindia.net/news/healthwatch/science-based-tips-for-a-healthier-happier-new-year-2019-184744-1.htm", 
"https://www.mid-day.com/articles/trends-that-can-help-you-get-high-on-health-for-2019/20177185", 
"https://www.news18.com/news/world/bangladesh-uses-evms-for-first-time-in-general-election-1987081.html", 
