structure(list(ID = structure(c(36L, 35L, 38L, 34L, 37L, 33L, 
32L, 31L, 30L, 29L, 28L, 27L, 26L, 25L, 24L, 23L, 22L, 21L, 20L, 
19L, 18L, 17L, 16L, 15L, 14L, 13L, 12L, 11L, 10L, 9L, 8L, 7L, 
6L, 5L, 4L, 3L, 2L, 1L), .Label = c("1020796850", "1021142972", 
"1021598421", "1021648948", "1021911549", "1022131787", "1022837234", 
"1022978741", "1025098666", "1025108354", "1025109581", "1025110275", 
"1025121626", "1025123356", "1025183805", "1025185815", "1025224694", 
"1025226367", "1025230061", "1025272734", "1025295994", "1025450742", 
"1025451771", "1025453245", "1025462802", "1025482734", "1025630642", 
"1025630663", "1025695728", "1028651656", "1029577462", "1029791777", 
"1029803912", "1030341167", "1030469995", "1030477706", "p-1029820863", 
"p-1030464670"), class = "factor"), url = structure(c(6L, 9L, 
36L, 28L, 35L, 4L, 1L, 12L, 18L, 32L, 7L, 8L, 33L, 37L, 30L, 
16L, 19L, 14L, 22L, 38L, 27L, 24L, 25L, 2L, 26L, 21L, 23L, 11L, 
34L, 5L, 10L, 20L, 31L, 17L, 3L, 15L, 29L, 13L), .Label = c("http://pib.nic.in/newsite/PrintRelease.aspx?relid=186932", 
"http://www.asianage.com/india/all-india/231218/aap-rubbing-salt-on-wounds-of-victims-of-1984-riots-says-amit-shah.html", 
"http://www.assamtribune.com/scripts/detailsnew.asp?id=dec1918%2Fat059", 
"http://www.centralchronicle.com/railways-2018-from-engineless-to-longest-bogibeel-bridge-railways-more-fast-safer-pan-india-connected.html", 
"http://www.dailyexcelsior.com/2019-lok-sabha-polls-would-end-politics-of-cast-creed-and-appeasement-amit-shah/", 
"http://www.newindianexpress.com/cities/thiruvananthapuram/2019/jan/01/welcoming-2019-with-new-promises-1918988.html", 
"http://www.newindianexpress.com/nation/2018/dec/23/amit-shah-calls-for-dislodging-congress-on-the-lines-of-1977-post-emergency-polls-1915581.html", 
"http://www.newindianexpress.com/nation/2018/dec/23/delhi-assembly-proceedings-rubbed-salt-on-wounds-of-1984-riot-victims-bjp-president-amit-shah-1915541.html", 
"http://www.newindianexpress.com/states/karnataka/2019/jan/01/2019-looking-forward-1919127.html", 
"http://www.newindianexpress.com/states/odisha/2018/dec/20/ensure-power-backup-for-plus-ii-tests-schools-told-1914094.html", 
"http://zeenews.india.com/india/perpetrators-of-1984-anti-sikh-riots-were-also-protectors-amit-shah-slams-congress-2165372.html", 
"https://indianexpress.com/article/cities/delhi/aap-delhi-education-healthcare-cctv-arvind-kejriwal-2019-elections-5516263/", 
"https://indianexpress.com/article/education/sdmc-schools-yet-to-get-cctvs-women-guards-5498170/", 
"https://indianexpress.com/article/india/amit-shah-assembly-proceedings-rubbed-salt-on-wounds-of-84-riot-victims-5506524/", 
"https://indianexpress.com/article/opinion/columns/evm-tampering-hacking-bjp-congress-vvpat-election-commission-voting-messenger-as-mandate-5499503/", 
"https://newsroompost.com/featured-5/amit-shah-calls-for-dislodging-congress-on-the-lines-of-1977-polls/423535.html", 
"https://swarajyamag.com/insta/ground-reality-of-delhi-children-forced-to-sit-on-floors-in-sdmc-schools-due-to-lack-of-funds", 
"https://timesofindia.indiatimes.com/city/bengaluru/missing-others-column-in-rte-form-irks-schools/articleshow/67294021.cms", 
"https://timesofindia.indiatimes.com/city/delhi/shah-targets-aap-cong-urges-party-workers-to-help-modi-win/articleshow/67222497.cms", 
"https://timesofindia.indiatimes.com/city/patna/dm-asks-private-schools-to-declare-total-number-of-seats/articleshow/67166868.cms", 
"https://timesofindia.indiatimes.com/india/delhi-assembly-proceedings-rubbed-salt-on-wounds-of-1984-riot-victims-amit-shah/articleshow/67217267.cms", 
"https://www.business-standard.com/article/news-ians/shah-calls-for-dislodging-congress-on-the-lines-of-1977-polls-118122300647_1.html", 
"https://www.business-standard.com/article/pti-stories/delhi-assembly-proceedings-rubbed-salt-on-wounds-of-1984-riot-victims-shah-118122300360_1.html", 
"https://www.business-standard.com/article/pti-stories/delhi-people-compare-work-by-aap-govt-with-centre-for-development-of-city-saurabh-bhardwaj-118122300564_1.html", 
"https://www.deccanchronicle.com/nation/current-affairs/231218/aap-rubbing-salt-on-wounds-of-victims-of-1984-riots-says-amit-shah.html", 
"https://www.financialexpress.com/india-news/delhi-assembly-proceedings-rubbed-salt-on-wounds-of-1984-riot-victims-says-amit-shah/1422889/", 
"https://www.financialexpress.com/india-news/delhi-people-compare-work-by-aap-govt-with-centre-for-development-of-city-saurabh-bhardwaj/1422984/", 
"https://www.hindustantimes.com/delhi-news/from-e-buses-to-free-wi-fi-18-things-delhiites-can-look-forward-to-in-2019/story-UNi08qU5A6xQBUFWPjREVP.html", 
"https://www.hindustantimes.com/jaipur/jodhpur-government-school-scripts-success-story-under-alumnus-principal/story-lwx3zKvNd0FGXfAHuX2kgJ.html", 
"https://www.ibtimes.co.in/amit-shah-calls-dislodging-congress-lines-1977-polls-788590", 
"https://www.indiatvnews.com/news/world-muslims-in-china-make-clothes-for-us-in-locked-compound-494451", 
"https://www.mid-day.com/articles/amit-shah-calls-for-dislodging-congress-on-the-lines-of-1977-polls/20141174", 
"https://www.moneycontrol.com/news/politics/delhi-people-compare-work-by-aap-govt-with-centre-for-development-of-city-mla-saurabh-bhardwaj-3320351.html", 
"https://www.news18.com/news/politics/amit-shah-attacks-congress-over-anti-sikh-riots-nrc-at-bjp-booth-level-meet-1981573.html", 
"https://www.openpr.com/news/1464375/Security-System-Integration-Market-2017-2025-Historical-current-and-projected-size-of-the-market-from-the-standpoint-of-both-value-and-volume-Software-Update-Cisco-Systems-Inc-FireEye-Inc-International-Business-Machine-Corporation-Cognizan.html", 
"https://www.openpr.com/news/1464940/Building-Automation-and-Controls-Market-Comparative-Analysis-2025-Schneider-Electric-Honeywell-International-Inc-Siemens-Building-Technologies.html", 
"https://www.siasat.com/news/shah-calls-dislodging-congress-lines-1977-polls-1449195/", 
"https://www.thehindu.com/news/cities/Delhi/delhi-assembly-proceedings-rubbed-salt-on-wounds-of-1984-riot-victims-amit-shah/article25814224.ece"
), class = "factor"), details = list(structure(list(uri = "http@newindianexpress.com", 
    name = "http", type = "author", isAgency = FALSE), class = "data.frame", row.names = 1L), 
    structure(list(uri = "http@newindianexpress.com", name = "http", 
        type = "author", isAgency = FALSE), class = "data.frame", row.names = 1L), 
    structure(list(), .Names = character(0), row.names = integer(0), class = "data.frame"), 
    structure(list(), .Names = character(0), row.names = integer(0), class = "data.frame"), 
    structure(list(), .Names = character(0), row.names = integer(0), class = "data.frame"), 
    structure(list(), .Names = character(0), row.names = integer(0), class = "data.frame"), 
    structure(list(), .Names = character(0), row.names = integer(0), class = "data.frame"), 
    structure(list(), .Names = character(0), row.names = integer(0), class = "data.frame"), 
    structure(list(), .Names = character(0), row.names = integer(0), class = "data.frame"), 
    structure(list(), .Names = character(0), row.names = integer(0), class = "data.frame"), 
    structure(list(uri = "http@newindianexpress.com", name = "http", 
        type = "author", isAgency = FALSE), class = "data.frame", row.names = 1L), 
    structure(list(uri = "http@newindianexpress.com", name = "http", 
        type = "author", isAgency = FALSE), class = "data.frame", row.names = 1L), 
    structure(list(), .Names = character(0), row.names = integer(0), class = "data.frame"), 
    structure(list(uri = "neha@siasat.com", name = "neha", type = "author", 
        isAgency = FALSE), class = "data.frame", row.names = 1L), 
    structure(list(), .Names = character(0), row.names = integer(0), class = "data.frame"), 
    structure(list(), .Names = character(0), row.names = integer(0), class = "data.frame"), 
    structure(list(), .Names = character(0), row.names = integer(0),