structure(list(ID = structure(c(96L, 95L, 94L, 93L, 92L, 91L, 
90L, 89L, 88L, 100L, 87L, 86L, 85L, 84L, 83L, 82L, 81L, 80L, 
79L, 78L, 77L, 76L, 75L, 74L, 73L, 72L, 71L, 70L, 69L, 68L, 67L, 
66L, 65L, 64L, 63L, 62L, 61L, 60L, 59L, 58L, 57L, 56L, 55L, 54L, 
53L, 52L, 51L, 50L, 49L, 48L, 47L, 46L, 45L, 44L, 43L, 42L, 41L, 
40L, 39L, 38L, 37L, 99L, 36L, 35L, 34L, 33L, 32L, 31L, 30L, 29L, 
98L, 28L, 27L, 26L, 25L, 24L, 23L, 22L, 21L, 20L, 19L, 18L, 17L, 
16L, 15L, 14L, 13L, 12L, 11L, 10L, 9L, 8L, 7L, 97L, 6L, 5L, 4L, 
3L, 2L, 1L, 102L, 101L), .Label = c("1019719434", "1019893066", 
"1019941986", "1020257045", "1020340540", "1020344863", "1020501222", 
"1020771272", "1020784863", "1021009374", "1021142976", "1021176272", 
"1021542835", "1021605027", "1021705388", "1021781471", "1021829074", 
"1021975044", "1022045855", "1022049598", "1022130820", "1022167430", 
"1022615192", "1022763552", "1022765595", "1022815280", "1022844672", 
"1023385288", "1023671538", "1023674503", "1023695083", "1023765691", 
"1023986250", "1024182563", "1024310172", "1024383753", "1024510953", 
"1024522729", "1024522733", "1024584992", "1024641875", "1024710563", 
"1024761307", "1024761573", "1024761590", "1024902944", "1024907111", 
"1024907151", "1024908251", "1024971708", "1025153089", "1025171466", 
"1025278677", "1025323020", "1025499988", "1025674235", "1025918598", 
"1026043118", "1026189463", "1026437577", "1026475950", "1026476036", 
"1026742564", "1027024658", "1027269769", "1027303094", "1027314916", 
"1027354202", "1027392831", "1027565566", "1027657431", "1027687913", 
"1027843606", "1028016331", "1028033093", "1028082727", "1028092820", 
"1028097625", "1028380664", "1028384236", "1028619881", "1028770595", 
"1028819231", "1029102908", "1029364383", "1029364387", "1029623158", 
"1029790432", "1029791777", "1029889288", "1029904527", "1030157081", 
"1030436734", "1030436740", "1030648058", "1030744405", "p-1020367380", 
"p-1023545292", "p-1024437671", "p-1029751688", "1019676044", 
"1019701834"), class = "factor"), url = structure(c(54L, 96L, 
37L, 38L, 73L, 74L, 39L, 4L, 22L, 88L, 27L, 19L, 18L, 56L, 17L, 
89L, 50L, 81L, 68L, 49L, 100L, 90L, 31L, 46L, 57L, 63L, 67L, 
70L, 6L, 83L, 76L, 75L, 61L, 34L, 93L, 8L, 11L, 3L, 53L, 85L, 
97L, 59L, 99L, 26L, 7L, 5L, 48L, 78L, 84L, 36L, 35L, 52L, 43L, 
40L, 10L, 44L, 65L, 1L, 15L, 14L, 16L, 87L, 66L, 72L, 69L, 95L, 
9L, 12L, 29L, 64L, 21L, 94L, 92L, 33L, 62L, 23L, 91L, 24L, 80L, 
51L, 32L, 79L, 47L, 71L, 55L, 98L, 41L, 20L, 77L, 60L, 28L, 13L, 
25L, 86L, 45L, 58L, 82L, 42L, 2L, 30L, 101L, 102L), .Label = c("http://english.sakshi.com/praja-sankalpa-yatra/2018/12/22/chandrababus-a-farce-ys-jagan", 
"http://meghalayatimes.info/index.php/front-page/44385-city-based-school-fined-for-not-sharing-information-under-rti", 
"http://mydigitalfc.com/fc-supplements/dine-out-do-good-rise-charitable-restaurants", 
"http://pib.nic.in/newsite/PrintRelease.aspx?relid=186932", "http://risingkashmir.com/news/charge-only-for-services-provided-to-students-dsek-to-private-schools", 
"http://risingkashmir.com/news/schools-charge-only-fcc-approved-fee-jkjccps", 
"http://risingkashmir.com/news/will-take-action-against-private-schools-flouting-norms-dsek", 
"http://www.buainessdirectory.grandhaventribune.com/Health-Care/2018/12/20/Church-Hill-BMA-approves-resolution-opposing-proposed-healthcare-in-Kingsport.html", 
"http://www.businessdiredtory.grandhaventribune.com/Upcoming-Events/2018/12/11/Upcoming-Events-as-of-Dec-10.html", 
"http://www.dailyexcelsior.com/jmc-and-corporators-will-they-deliver-this-time/", 
"http://www.eee.grandhaventribune.com/Education/2018/12/24/Lights-Camera-Action-D-B-grad-Carson-Newman-senior-headed-to-California-film-program.html", 
"http://www.mondaq.com/uk/x/766304/employee%2Brights%2Blabour%2Brelations/Employment%2BLaw%2B2018%2BReview%2BAnother%2BYear%2BNearly%2BOver", 
"http://www.newindianexpress.com/business/2018/dec/17/36-billion-and-counting-education-startup-byjus-valuation-continues-to-soar-1912726.html", 
"http://www.newindianexpress.com/cities/bengaluru/2018/dec/22/institutes-looking-for-land-at-bu-will-have-to-pay-up-share-facilities-1915040.html", 
"http://www.newindianexpress.com/cities/bengaluru/2018/dec/22/students-ferried-like-sheep-on-trucks-1915036.html", 
"http://www.newindianexpress.com/nation/2018/dec/22/chandigarh-diary-1914925.html", 
"http://www.newindianexpress.com/nation/2018/dec/29/srinagar-diary-1917837.html", 
"http://www.newindianexpress.com/states/karnataka/2018/dec/30/shellfie-with-shells-1918333.html", 
"http://www.newindianexpress.com/states/karnataka/2018/dec/30/shetty-believed-in-correcting-the-system-1918339.html", 
"http://www.newspatrolling.com/worlds-1st-life-skills-olympiad-to-test-childrens-real-world-readiness-in-100-countries/", 
"http://www.pressreleasepoint.com/bath-community-fund-awards-19800-grants", 
"http://www.rediff.com/business/report/the-worlds-most-valuable-edutech-start-up-is-indian-byjus/20181231.htm", 
"http://www.rediff.com/getahead/report/a-muncipal-school-produces-karate-champs/20181220.htm", 
"http://www.usinessdirectory.grandhaventribune.com/Sports/2018/12/18/UPCOMING-1.html", 
"https://freepresskashmir.com/2018/12/17/the-pulwama-carnage-torn-families-stare-at-grave-reality-after-seven-lives-are-snatched-away/", 
"https://indianexpress.com/article/cities/chandigarh/government-pulls-all-stops-to-push-admissions-to-pre-primary-classes-5506543/", 
"https://indianexpress.com/article/cities/mumbai/mumbai-carpenter-arrested-for-theft-says-wanted-money-to-pay-childrens-school-fee-5516381/", 
"https://indianexpress.com/article/delhi/noida-school-wall-collapse-despair-anger-for-parents-left-with-no-answers-5498163/", 
"https://indianexpress.com/article/education/how-to-choose-the-perfect-mba-college-3-critical-factors-for-2019-5503710/", 
"https://indianexpress.com/article/education/ignou-launches-pg-diploma-in-environmental-and-occupational-health-5496147/", 
"https://indianexpress.com/article/education/jkbose-class-10-winter-zone-result-declared-check-how-to-download-jkbose-ac-in-5513162/", 
"https://indianexpress.com/article/jobs/up-teachers-recruitment-registration-for-69000-posts-upbasiceduboard-gov-in-atrexam-upsdc-gov-in-5500065/", 
"https://kashmirobserver.net/2018/careers/what-are-scholarship-program-offers-mcmaster-university-38829", 
"https://kashmirobserver.net/2018/city-news/school-association-rules-out-charging-exorbitant-fee-39005", 
"https://scroll.in/article/906157/iims-have-used-autonomy-for-self-aggrandisement-says-professor-pushing-for-faculty-diversity", 
"https://scroll.in/field/906519/slow-and-steady-how-nba-pipped-other-global-leagues-to-host-pre-season-games-in-india", 
"https://swarajyamag.com/magazine/can-india-defeat-tech-colonisation", 
"https://swarajyamag.com/magazine/perils-and-puzzles-of-personalised-pricing", 
"https://swarajyamag.com/politics/maharashtra-government-finds-a-new-way-to-avoid-paying-rte-reimbursement-for-poor-children", 
"https://telanganatoday.com/destination-usa-english-proficiency-requirements-part-iii", 
"https://telanganatoday.com/hyderabad-hc-plastic-ban-in-temples-must", 
"https://telanganatoday.com/latest-jobs-2018-19-notifications-apply-now-16", 
"https://telanganatoday.com/pvt-education-institutions-gets-assurance-on-pending-issues", 
"https://telanganatoday.com/youth-fest-at-nit-warangal-from-jan-6", 
"https://theprint.in/economy/indias-byjus-is-said-valued-at-3-6-billion-after-new-funding/165001/", 
"https://theprint.in/opinion/degree-naukri-textbooks-and-fees-how-indias-education-mafia-works/170094/", 
"https://timesofindia.indiatimes.com/blogs/mentor-counsel-coach/new-year-resolutions-for-retirees/", 
"https://timesofindia.indiatimes.com/city/chennai/vandalur-zoo-conducts-wildlife-photography-workshop/articleshow/67218284.cms", 
"https://timesofindia.indiatimes.com/city/hyderabad/a-celebration-of-hyds-most-iconic-bldgs-moments/articleshow/67278460.cms", 
