structure(list(ID = structure(c(50L, 49L, 48L, 47L, 46L, 45L, 
44L, 43L, 42L, 51L, 41L, 40L, 39L, 38L, 37L, 36L, 35L, 34L, 33L, 
32L, 31L, 30L, 29L, 28L, 27L, 26L, 25L, 24L, 23L, 22L, 21L, 20L, 
19L, 18L, 17L, 16L, 15L, 14L, 13L, 12L, 11L, 10L, 9L, 8L, 7L, 
6L, 5L, 4L, 3L, 2L, 1L), .Label = c("1019502802", "1019559423", 
"1019849673", "1020114357", "1021507416", "1021615886", "1021899619", 
"1021913064", "1022422605", "1022798305", "1022798824", "1023323331", 
"1023856008", "1024014974", "1024125775", "1024193557", "1024430855", 
"1024509143", "1024509735", "1024510973", "1024540178", "1025480050", 
"1026579369", "1026736233", "1026921490", "1026950277", "1026955092", 
"1026990188", "1027219156", "1027219706", "1027322761", "1027410615", 
"1028774852", "1028790689", "1029276416", "1029308568", "1029577462", 
"1029602065", "1029707764", "1030098831", "1030301520", "1030454433", 
"1030514151", "1030516315", "1030528600", "1030528645", "1030531347", 
"1030533461", "1030619823", "1030712227", "b-1030452008"), class = "factor"), 
    url = structure(c(2L, 39L, 9L, 26L, 30L, 31L, 4L, 37L, 32L, 
    1L, 11L, 22L, 18L, 20L, 12L, 36L, 16L, 42L, 43L, 8L, 23L, 
    38L, 5L, 10L, 47L, 25L, 29L, 28L, 48L, 27L, 6L, 7L, 44L, 
    41L, 49L, 51L, 3L, 34L, 35L, 15L, 21L, 14L, 46L, 13L, 24L, 
    50L, 45L, 19L, 33L, 17L, 40L), .Label = c("http://gaysifamily.com/2019/01/01/2018-an-year-in-queer-review/", 
    "http://mydigitalfc.com/miscellany/gujarat-asks-students-answer-roll-call-%E2%80%98jai-hind-or-%E2%80%98jai-bharat%E2%80%99", 
    "http://risingkashmir.com/news/kashmir-libraries-begging-for-readers", 
    "http://www.asianage.com/india/all-india/010119/school-students-to-answer-roll-all-with-jai-hind-gujarat-govt-issues-directive.html", 
    "http://www.asianage.com/india/all-india/271218/would-ensure-educational-reforms-if-grand-alliance-wins-power-kushwaha.html", 
    "http://www.newindianexpress.com/cities/delhi/2018/dec/22/jnu-head-blocked-mphil-evaluation-1914939.html", 
    "http://www.newindianexpress.com/nation/2018/dec/21/jawaharlal-nehru-university-issues-show-cause-notices-to-27-teachers-for-participating-in-hunger-str-1914779.html", 
    "http://www.newindianexpress.com/nation/2018/dec/26/bihar-would-see-educational-reforms-if-grand-alliance-wins-upendra-kushwaha-1916855.html", 
    "http://www.rediff.com/news/report/gujarat-students-to-answer-roll-call-with-jai-hind-jai-bharat/20190101.htm", 
    "http://zeenews.india.com/bihar/bihar-would-see-educational-reforms-if-mahagathbandhan-wins-power-rlsp-chief-upendra-kushwaha-2166124.html", 
    "http://zeenews.india.com/gujarat/in-gujarat-school-students-to-shoutout-jai-hind-jai-bharat-during-roll-call-from-january-1-2167176.html", 
    "https://indianexpress.com/article/cities/delhi/aap-delhi-education-healthcare-cctv-arvind-kejriwal-2019-elections-5516263/", 
    "https://indianexpress.com/article/education/haryana-schools-to-use-mobile-based-app-for-attendance-admission-and-other-details-5500091/", 
    "https://swarajyamag.com/insta/haryana-government-plans-to-bridge-digital-divide-in-college-administration-via-shiksha-setu-application", 
    "https://telanganatoday.com/biometric-attendance-in-govt-schools-from-next-year-in-ts", 
    "https://timesofindia.indiatimes.com/city/bengaluru/teachers-fail-to-check-child-marriages/articleshow/67305352.cms", 
    "https://timesofindia.indiatimes.com/city/chennai/attendance-app-launched-by-govt-faces-glitches/articleshow/67110443.cms", 
    "https://timesofindia.indiatimes.com/city/delhi/happy-times-new-curriculum-brings-cheer-at-schools/articleshow/67315481.cms", 
    "https://timesofindia.indiatimes.com/city/delhi/jnu-administration-hits-back-at-teachers/articleshow/67120296.cms", 
    "https://timesofindia.indiatimes.com/city/gurgaon/school-shut-as-files-show-no-student-teachers-disagree/articleshow/67315909.cms", 
    "https://timesofindia.indiatimes.com/city/kolkata/calcutta-university-first-semester-exams-start-off-peacefully/articleshow/67172708.cms", 
    "https://timesofindia.indiatimes.com/city/nashik/nashik-app-to-record-teachers-attendance-and-leaves/articleshow/67327507.cms", 
    "https://timesofindia.indiatimes.com/city/patna/complete-universities-digitization-work-fast/articleshow/67261755.cms", 
    "https://timesofindia.indiatimes.com/home/education/news/haryana-launches-app-to-ensure-better-connectivity-with-students/articleshow/67156444.cms", 
    "https://timesofindia.indiatimes.com/india/bihar-would-see-educational-reforms-if-mahagathbandhan-wins-power-kushwaha/articleshow/67260510.cms", 
    "https://timesofindia.indiatimes.com/india/gujarat-govts-jai-hind-roll-call-sparks-political-row-opposition-says-improve-edu-quality-instead/articleshow/67337545.cms", 
    "https://www.business-standard.com/article/current-affairs/jashn-e-rekhta-celebrating-urdu-despite-its-consistent-decline-in-india-118122400089_1.html", 
    "https://www.business-standard.com/article/current-affairs/jnu-s-survival-will-decide-india-s-intellectual-and-political-future-118122600423_1.html", 
    "https://www.business-standard.com/article/pti-stories/bihar-would-see-educational-reforms-if-mahagathbandhan-wins-118122600792_1.html", 
    "https://www.business-standard.com/article/pti-stories/guj-govt-in-dock-over-jai-hind-roll-call-opp-asks-it-improve-edu-quality-119010100633_1.html", 
    "https://www.business-standard.com/article/pti-stories/guj-govt-s-jai-hind-roll-call-sparks-political-row-oppn-says-improve-edu-quality-instead-119010100686_1.html", 
    "https://www.business-standard.com/article/pti-stories/gujarat-govt-directs-students-to-answer-roll-call-with-jai-hind-or-jai-bharat-119010100472_1.html", 
    "https://www.business-standard.com/article/pti-stories/jnu-admin-accuses-teachers-association-students-union-of-running-misinformation-campaign-118121600604_1.html", 
    "https://www.business-standard.com/article/pti-stories/jnu-issues-show-cause-notices-to-27-teachers-for-participating-in-hunger-strike-last-month-118122101048_1.html", 
    "https://www.business-standard.com/article/pti-stories/karna-assembly-adjourned-sine-die-amid-uproar-over-farm-loan-waiver-118122100704_1.html", 
    "https://www.business-standard.com/article/pti-stories/over-900-civic-action-programmes-conducted-to-benefit-local-populace-in-jammu-region-army-118123000251_1.html", 
    "https://www.deccanchronicle.com/nation/current-affairs/010119/school-students-to-answer-roll-all-with-jai-hind-gujarat-directive.html", 
    "https://www.deccanchronicle.com/nation/current-affairs/271218/would-ensure-educational-reforms-if-grand-alliance-wins-power-upendra.html", 
    "https://www.dnaindia.com/india/report-gujarat-students-back-jai-hind-roll-call-even-as-opposition-criticises-2703076", 
    "https://www.dnaindia.com/jaipur/report-swearing-in-a-first-at-albert-hall-2696509", 
    "https://www.hindustantimes.com/education/27-jnu-teachers-issued-notice-over-hunger-strike-against-compulsory-attendance-norm/story-MagkuFMsRNE5EM3o2NlBTJ.html", 
    "https://www.hindustantimes.com/lucknow/students-santa-squad-in-up-brings-dropouts-back-to-school/story-JtapnbG7z6lKc88XmJ2FQI.html", 
    "https://www.hindustantimes.com/patna/proxy-attendance-for-mid-day-meal-funds-headmasters-salary-to-be-deducted-to-recover-penalty-of-rs-8-crore/story-q1ROrsc4w57xdnLM9cNnPL.html", 
    "https://www.indiatoday.in/education-today/how-i-made-it/story/iron-lady-sujata-sahu-transforming-ladakh-mountain-schools-html-1414511-2018-12-21", 
    "https://www.latestly.com/agency-news/haryana-launches-app-to-ensure-better-connectivity-with-students-547319.html", 
    "https://www.livemint.com/Opinion/7pNOJA0NaqcLhmY05SoZ0N/Opinion--Preserving-the-real-value-of-the-Constitution.html", 
    "https://www.moneycontrol.com/news/india/bihar-would-see-educational-reforms-if-mahagathbandhan-wins-upendra-kushwaha-3327701.html", 
