structure(list(ID = structure(39:1, .Label = c("1019653765", 
"1019711907", "1020453432", "1021364969", "1021477163", "1021857636", 
"1022167430", "1022186615", "1022228829", "1022244596", "1022328770", 
"1022335689", "1022369333", "1022762360", "1022776148", "1022814726", 
"1022944673", "1023765691", "1023790132", "1024125791", "1024522731", 
"1024761590", "1025059413", "1025256424", "1026860599", "1027024658", 
"1027314916", "1027392831", "1027657431", "1028097625", "1028203361", 
"1028380664", "1028384236", "1028553909", "1028619881", "1028770595", 
"1029944550", "1030371004", "1030449128"), class = "factor"), 
    url = structure(c(14L, 16L, 6L, 35L, 18L, 3L, 31L, 24L, 37L, 
    17L, 23L, 2L, 25L, 12L, 8L, 13L, 29L, 15L, 5L, 1L, 26L, 4L, 
    7L, 34L, 11L, 36L, 20L, 22L, 33L, 9L, 21L, 19L, 10L, 32L, 
    28L, 38L, 30L, 27L, 39L), .Label = c("http://risingkashmir.com/news/in-times-of-7th-pay-commission-hundreds-of-cpws-get-rs-25-to-100-as-monthly-salary-", 
    "http://risingkashmir.com/news/schools-charge-only-fcc-approved-fee-jkjccps", 
    "http://southasiajournal.net/uss-iran-sanctions-mixed-prospects-and-a-beyond-swift-question/", 
    "http://www.businessdiredtory.grandhaventribune.com/Upcoming-Events/2018/12/11/Upcoming-Events-as-of-Dec-10.html", 
    "http://www.newindianexpress.com/cities/bengaluru/2018/dec/22/researchers-demand-hike-in-stipend-1915038.html", 
    "http://www.newindianexpress.com/cities/chennai/2018/dec/31/hits-and-misses-of-2018-1918524.html", 
    "http://www.newindianexpress.com/nation/2018/dec/19/despair-in-north-bengals-tea-gardens-despite-mamatas-welfare-claims-1913721.html", 
    "http://www.oyetimes.com/lifestyle/naukri-and-paisa/244517-a-week-in-kauai-hi-on-9-25-hour", 
    "http://www.sify.com/finance/campus-placement-surge-in-rics-school-of-built-environment-news-news-smttc6ghjdiee.html", 
    "http://www.usinessdirectory.grandhaventribune.com/Sports/2018/12/18/UPCOMING-1.html", 
    "http://zeenews.india.com/economy/rbi-december-policy-ex-rbi-guv-patel-favoured-status-quo-on-repo-rate-2164593.html", 
    "https://kashmirobserver.net/2018/city-news/school-association-rules-out-charging-exorbitant-fee-39005", 
    "https://scroll.in/pulse/905856/meat-allergies-caused-by-tick-bites-are-worryingly-common-in-countries-like-us-and-australia", 
    "https://swarajyamag.com/magazine/will-2019-be-a-1929-all-the-elements-of-a-volatile-cauldron-are-in-place", 
    "https://telanganatoday.com/pvt-education-institutions-gets-assurance-on-pending-issues", 
    "https://timesofindia.indiatimes.com/city/delhi/dark-web-of-deceit-drugs-were-bought-from-california-berlin/articleshow/67329976.cms", 
    "https://timesofindia.indiatimes.com/city/hyderabad/a-celebration-of-hyds-most-iconic-bldgs-moments/articleshow/67278460.cms", 
    "https://timesofindia.indiatimes.com/city/hyderabad/education-sector-on-standstill-over-cms-failure-in-ministers-appointment/articleshow/67295392.cms", 
    "https://www.aninews.in/news/campus-placement-surge-in-rics-school-of-built-environment201812191832030001/", 
    "https://www.business-standard.com/article/finance/in-rbi-policy-meeting-urjit-patel-had-favoured-status-quo-on-repo-rate-118121901150_1.html", 
    "https://www.business-standard.com/article/news-ani/campus-placement-surge-in-rics-school-of-built-environment-118121900893_1.html", 
    "https://www.business-standard.com/article/pti-stories/december-policy-ex-rbi-guv-patel-favoured-status-quo-on-repo-rate-118121901150_1.html", 
    "https://www.business-standard.com/article/pti-stories/student-organisations-form-yincc-to-fight-against-anti-youth-policies-jnusu-president-118122700937_1.html", 
    "https://www.business-standard.com/article/pti-stories/thousands-of-youth-to-hold-march-in-delhi-on-feb-7-118122800996_1.html", 
    "https://www.hindustantimes.com/education/in-a-first-2-private-schools-of-noida-to-return-hiked-fees/story-NKzCtqeDbTH4PFWCBok5qO.html", 
    "https://www.investing.com/analysis/coal-in-wall-streets-stocking-stocks-crumble-to-14month-lows-200370115", 
    "https://www.investing.com/analysis/data-check-weak-numbers-abroad-press-market-despite-decent-us-retail-sales-200368437", 
    "https://www.investing.com/analysis/fed-ponders-hike-but-tariffs-remain-key-market-theme-200369141", 
    "https://www.investing.com/analysis/stocks-crushed-7-on-fed-hike-and-uncertainty-200370464", 
    "https://www.investing.com/news/economy-news/hedge-fund-moves-at-short-end-of-us-curve-show-fed-cuts-not-too-far-away-mcgeever-1723472", 
    "https://www.latestly.com/agency-news/thousands-of-youth-to-hold-march-in-delhi-on-feb-7-562895.html", 
    "https://www.latestly.com/india/education/jrf-srf-stipend-hike-row-iit-iisc-researchers-from-across-the-nation-to-hold-silent-protest-outside-mhrd-office-on-december-21-547624.html", 
    "https://www.moneycontrol.com/news/business/economy/december-policy-ex-rbi-governor-urjit-patel-favoured-status-quo-on-repo-rate-3309811.html", 
    "https://www.moneycontrol.com/news/business/economy/podcast-digging-deeper-do-farm-loan-waivers-work-3311141.html", 
    "https://www.outlookindia.com/website/story/india-news-youths-to-hold-march-in-delhi-demanding-education-job-on-february-7/322532", 
    "https://www.siasat.com/news/campus-placement-surge-rics-school-built-environment-1447759/", 
    "https://www.thehindu.com/life-and-style/travel/push-pause-in-praise-of-slow-travel/article25850681.ece", 
    "https://www.thequint.com/sports/ipl/ipl-2019-auction-big-uncapped-buys-who-are-varun-chakaravarthy-and-shivam-dube", 
    "https://www.zigwheels.com/news-features/news/car-news-of-the-week-nissan-kicks-details-harrier-7seater-plans-new-thar-spied-and-more/32557/"
    ), class = "factor"), details = list(structure(list(uri = "shanmuganathan_nagasundaram@swarajyamag.com", 
        name = "Shanmuganathan Nagasundaram", type = "author", 
        isAgency = FALSE), class = "data.frame", row.names = 1L), 
        structure(list(), .Names = character(0), row.names = integer(0), class = "data.frame"), 
        structure(list(uri = c("http@newindianexpress.com", "kv_navya@newindianexpress.com"
        ), name = c("http", "Kv Navya"), type = c("author", "author"
        ), isAgency = c(FALSE, FALSE)), class = "data.frame", row.names = 1:2), 
        structure(list(), .Names = character(0), row.names = integer(0), class = "data.frame"), 
        structure(list(uri = "preeti_biswas@timesofindia.indiatimes.com", 
            name = "Preeti Biswas", type = "author", isAgency = FALSE), class = "data.frame", row.names = 1L), 
        structure(list(), .Names = character(0), row.names = integer(0), class = "data.frame"), 
        structure(list(), .Names = character(0), row.names = integer(0), class = "data.frame"), 
        structure(list(), .Names = character(0), row.names = integer(0), class = "data.frame"), 
        structure(list(uri = "aatish_nath@thehindu.com", name = "Aatish Nath", 
            type = "author", isAgency = FALSE), class = "data.frame", row.names = 1L), 
        structure(list(), .Names = character(0), row.names = integer(0), class = "data.frame"), 
        structure(list(), .Names = character(0), row.names = integer(0), class = "data.frame"), 
        structure(list(), .Names = character(0), row.names = integer(0), class = "data.frame"), 
        structure(list(uri = "vaibhav_jha@hindustantimes.com", 
            name = "Vaibhav Jha", type = "author", isAgency = FALSE), class = "data.frame", row.names = 1L), 
        structure(list(), .Names = character(0), row.names = integer(0), class = "data.frame"), 
        structure(list(), .Names = character(0), row.names = integer(0), class = "data.frame"), 
        structure(list(uri = "maryn_mckenna@scroll.in", name = "Maryn McKenna", 
            type = "author", isAgency = FALSE), class = "data.frame", row.names = 1L), 
        structure(list(uri = "yale_bock@investing.com", name = "Yale Bock", 
            type = "author", isAgency = FALSE),