structure(list(ID = structure(c(27L, 26L, 25L, 24L, 23L, 22L, 
21L, 20L, 19L, 18L, 28L, 17L, 16L, 15L, 14L, 13L, 12L, 11L, 10L, 
9L, 8L, 7L, 6L, 5L, 4L, 3L, 2L, 1L), .Label = c("1020535595", 
"1020689914", "1020905761", "1021059571", "1021142570", "1021829063", 
"1021931929", "1022045855", "1022756738", "1022765595", "1022815416", 
"1023002205", "1023357943", "1023566231", "1023695909", "1026056219", 
"1026200181", "1026844344", "1027146019", "1027325219", "1027443958", 
"1028695956", "1029697917", "1029995637", "1030067709", "1030284115", 
"1030618875", "b-1026553308"), class = "factor"), url = structure(c(27L, 
14L, 24L, 25L, 15L, 21L, 3L, 22L, 28L, 10L, 2L, 6L, 11L, 20L, 
5L, 13L, 8L, 19L, 18L, 26L, 9L, 16L, 12L, 7L, 17L, 4L, 1L, 23L
), .Label = c("http://www.easternmirrornagaland.com/suggestive-measures-on-educational-perspective/", 
"http://www.insightsonindia.com/2018/12/26/insights-secure-2019-daily-upsc-mains-answer-writing-practice-26-december-2018/", 
"http://www.newindianexpress.com/cities/thiruvananthapuram/2018/dec/27/govt-sets-up-interim-syndicate-for-ku-nominates-19-members-1916979.html", 
"http://www.newindianexpress.com/states/tamil-nadu/2018/dec/18/ttv-vows-to-defeat-dmk-in-bypoll-1912928.html", 
"http://www.rediff.com/getahead/report/faculty-shortage-worrisome-at-iits/20181221.htm", 
"https://bobrtimes.com/around-the-school-in-kharkov-there-was-a-scandal-over-the-dismissal-of-the-director-video/170406/", 
"https://indianexpress.com/article/jobs/teachers-jobs/ap-dsc-teacher-recruitment-exam-2018-web-options-to-select-exam-centres-for-sgc-candidates-activated-5498892/", 
"https://indianexpress.com/article/jobs/teachers-jobs/up-tet-revised-result-download-upbasiceduboard-gov-in-5502549/", 
"https://indianexpress.com/article/jobs/up-teachers-recruitment-registration-for-69000-posts-upbasiceduboard-gov-in-atrexam-upsdc-gov-in-5500065/", 
"https://scroll.in/announcements/907111/ap-dsc-trt-tet-recruitment-2018-answer-keys-for-dec-24th-exam-released", 
"https://timesofindia.indiatimes.com/city/bengaluru/year-after-split-bcu-yet-to-get-permanent-teachers/articleshow/67236955.cms", 
"https://timesofindia.indiatimes.com/city/chennai/trb-row-board-claims-typo-about-vacancies/articleshow/67152573.cms", 
"https://timesofindia.indiatimes.com/city/coimbatore/track-maintainers-to-seek-career-growth-better-work-conditions/articleshow/67185514.cms", 
"https://timesofindia.indiatimes.com/city/patna/academics-hope-for-overall-improvement/articleshow/67328614.cms", 
"https://timesofindia.indiatimes.com/home/education/news/up-assistant-teacher-admit-card-2018-to-be-released-today-atrexam-upsdc-gov-in/articleshow/67317105.cms", 
"https://timesofindia.indiatimes.com/home/education/news/up-assistant-teacher-application-process-ends-tomorrow-apply-for-69000-posts-atrexam-upsdc-gov-in/articleshow/67157544.cms", 
"https://www.abplive.in/education-news/ap-dsc-2018-center-option-for-sgt-candidates-to-be-live-today-revised-exam-schedule-released-879058", 
"https://www.abplive.in/education-news/government-jobs-2018-live-updates-sarkari-naukri-2018-alert-tsunami-of-vacancies-in-indian-railways-up-police-banks-psus-others-780545", 
"https://www.abplive.in/education-news/up-assistant-teacher-recruitment-2018-closing-at-6pm-today-on-atrexam-upsdc-gov-in-apply-now-880809", 
"https://www.careerindia.com/news/ap-dsc-hall-tickets-2018-released-on-the-official-website-024323.html", 
"https://www.careerindia.com/news/kvs-answer-key-2018-for-pgt-tgt-prt-and-librarian-024342.html", 
"https://www.careerindia.com/news/kvs-re-exam-date-2018-kvs-to-reconduct-pgt-exam-in-varanasi-on-december-30-024337.html", 
"https://www.financialexpress.com/jobs/jobs-alert-good-news-for-10th-pass-candidates-check-details-of-notification-by-ministry-of-youth-affairs-sports/1416669/", 
"https://www.financialexpress.com/jobs/top-government-jobs-to-look-out-for-in-2019/1429968/", 
"https://www.hindustantimes.com/education/up-assistant-teacher-admit-card-released-at-atrexam-upsdc-gov-in/story-GWY1BIfPzrVh54fgb4XPSI.html", 
"https://www.indiatoday.in/india/story/modi-govt-sitting-on-quota-roster-in-fear-of-upper-caste-votes-universities-teachers-association-1413383-2018-12-20", 
"https://www.ndtv.com/jobs/government-jobs-in-punjab-amarinder-singh-to-fill-up-1-2-lakh-vacancies-1971104", 
"https://www.tribuneindia.com/news/himachal/slow-industrial-growth-resentment-among-teachers-a-challenge/704419.html"
), class = "factor"), details = list(structure(list(), .Names = character(0), row.names = integer(0), class = "data.frame"), 
    structure(list(uri = "b_k_mishra@timesofindia.indiatimes.com", 
        name = "B K Mishra", type = "author", isAgency = FALSE), class = "data.frame", row.names = 1L), 
    structure(list(), .Names = character(0), row.names = integer(0), class = "data.frame"), 
    structure(list(uri = "nilesh_mathur@hindustantimes.com", 
        name = "Nilesh Mathur", type = "author", isAgency = FALSE), class = "data.frame", row.names = 1L), 
    structure(list(), .Names = character(0), row.names = integer(0), class = "data.frame"), 
    structure(list(uri = "sashikanth_yechuri@careerindia.com", 
        name = "Sashikanth Yechuri", type = "author", isAgency = FALSE), class = "data.frame", row.names = 1L), 
    structure(list(uri = c("http@newindianexpress.com", "krishnachand_k@newindianexpress.com"
    ), name = c("http", "Krishnachand K"), type = c("author", 
    "author"), isAgency = c(FALSE, FALSE)), class = "data.frame", row.names = 1:2), 
    structure(list(uri = "sashikanth_yechuri@careerindia.com", 
        name = "Sashikanth Yechuri", type = "author", isAgency = FALSE), class = "data.frame", row.names = 1L), 
    structure(list(), .Names = character(0), row.names = integer(0), class = "data.frame"), 
    structure(list(), .Names = character(0), row.names = integer(0), class = "data.frame"), 
    structure(list(uri = "insights_ias@insightsonindia.com", 
        name = "Insights Ias", type = "author", isAgency = FALSE), class = "data.frame", row.names = 1L), 
    structure(list(uri = "nash_konston@bobrtimes.com", name = "Nash Konston", 
        type = "author", isAgency = FALSE), class = "data.frame", row.names = 1L), 
    structure(list(), .Names = character(0), row.names = integer(0), class = "data.frame"), 
    structure(list(), .Names = character(0), row.names = integer(0), class = "data.frame"), 
    structure(list(), .Names = character(0), row.names = integer(0), class = "data.frame"), 
    structure(list(), .Names = character(0), row.names = integer(0), class = "data.frame"), 
    structure(list(), .Names = character(0), row.names = integer(0), class = "data.frame"), 
    structure(list(), .Names = character(0), row.names = integer(0), class = "data.frame"), 
    structure(list(), .Names = character(0), row.names = integer(0), class = "data.frame"), 
    structure(list(), .Names = character(0), row.names = integer(0), class = "data.frame"), 
    structure(list(), .Names = character(0), row.names = integer(0), class = "data.frame"), 
    structure(list(), .Names = character(0), row.names = integer(0), class = "data.frame"), 
    structure(list(), .Names = character(0), row.names = integer(0), class = "data.frame"), 
    structure(list(), .Names = character(0), row.names = integer(0), class = "data.frame"), 
    structure(list(), .Names = character(0), row.names = integer(0), class = "data.frame"), 
    structure(list(), .Names = character(0), row.names = integer(0), class = "data.frame"), 
    structure(list(), .Names = character(0), row.names = integer(0), class = "data.frame"), 
    structure(list(), .Names = character(0), row.names = integer(0), class = "data.frame"))), row.names = c(NA, 
-28L), class = "data.frame")
