structure(list(ID = structure(c(59L, 58L, 57L, 56L, 55L, 54L, 
53L, 52L, 51L, 50L, 49L, 48L, 47L, 60L, 46L, 45L, 44L, 43L, 42L, 
41L, 40L, 39L, 38L, 37L, 36L, 35L, 34L, 33L, 32L, 31L, 30L, 29L, 
28L, 27L, 26L, 25L, 24L, 23L, 22L, 21L, 20L, 19L, 18L, 17L, 16L, 
15L, 14L, 13L, 12L, 11L, 10L, 9L, 8L, 7L, 6L, 5L, 4L, 3L, 2L, 
1L), .Label = c("1019634240", "1020599609", "1022231603", "1022950851", 
"1023323331", "1023882073", "1024430855", "1024761307", "1024947606", 
"1024948390", "1024950407", "1024978899", "1024981821", "1025059805", 
"1025296099", "1025401143", "1025645098", "1025804101", "1025810233", 
"1025812465", "1025863710", "1025872580", "1025927689", "1026152239", 
"1026152483", "1026158319", "1026163017", "1026175650", "1026178925", 
"1026195229", "1026196811", "1026201607", "1026207885", "1026207968", 
"1026238436", "1026385612", "1026438385", "1026503666", "1026553569", 
"1026566454", "1026579096", "1026600011", "1026612684", "1026625568", 
"1026658304", "1026678046", "1028199650", "1029693178", "1030469995", 
"1030520072", "1030524787", "1030525904", "1030528634", "1030532846", 
"1030537802", "1030539792", "1030625956", "1030629946", "1030705957", 
"b-1026810712"), class = "factor"), url = structure(c(3L, 38L, 
29L, 50L, 45L, 25L, 27L, 41L, 36L, 57L, 16L, 46L, 42L, 59L, 5L, 
1L, 32L, 54L, 18L, 34L, 33L, 35L, 30L, 8L, 21L, 56L, 14L, 15L, 
58L, 37L, 9L, 20L, 4L, 44L, 28L, 60L, 52L, 19L, 51L, 40L, 49L, 
17L, 23L, 11L, 53L, 6L, 13L, 39L, 47L, 24L, 26L, 31L, 7L, 55L, 
10L, 22L, 12L, 2L, 43L, 48L), .Label = c("http://ddnews.gov.in/national/uidai-aadhaar-not-mandatory-admission-schools", 
"http://english.sakshi.com/crime/2018/12/19/cyclone-phethai-electric-pole-hits-srikakulam-school-headmaster-causes-instant-death", 
"http://mydigitalfc.com/plan-and-policy/failing-comply-aadhaar-act-norms-may-invite-rs-1-crore-fine", 
"http://risingkashmir.com/news/schools-cant-make-aadhaar-mandatory-for-admissions-cautions-uidai-", 
"http://theindianawaaz.com/aadhaar-not-mandatory-for-admission-in-schools-uidai/", 
"http://www.dailyexcelsior.com/aadhaar-twists-and-turns-in-the-biometric-tale/", 
"http://www.dailyexcelsior.com/jmc-and-corporators-will-they-deliver-this-time/", 
"http://www.dailyexcelsior.com/uidai-cautions-schools-not-to-insist-on-aadhaar-for-admission-2/", 
"http://www.dailyexcelsior.com/uidai-cautions-schools-not-to-insist-on-aadhaar-for-admission/", 
"http://www.mondaq.com/unitedstates/x/766022/Data%2BProtection%2BPrivacy/Wearables%2BIn%2BThe%2BArena%2BThe%2BShifting%2BLegal%2BLandscape%2BGoverning%2BFitness%2BTrackers%2BIn%2BProfessional%2BSports", 
"http://www.newindianexpress.com/business/2018/dec/24/aadhaar-twists-and-turns-in-the-biometric-tale-1915838.html", 
"http://www.newindianexpress.com/cities/hyderabad/2018/dec/20/a-hydra-headed-monster-1913975.html", 
"http://www.newindianexpress.com/nation/2018/dec/23/aadhaar-2018-twists-and-turns-in-the-biometric-tale-1915440.html", 
"http://www.newindianexpress.com/nation/2018/dec/24/review-petition-in-supreme-court-against-its-aadhaar-verdict-1915947.html", 
"http://www.newindianexpress.com/nation/2018/dec/25/do-not-insist-on-aadhaar-for-admission-uidai-to-schools-1916317.html", 
"http://www.newindianexpress.com/states/karnataka/2019/jan/01/2019-looking-forward-1919127.html", 
"http://www.rediff.com/news/report/review-petition-in-sc-against-its-aadhaar-verdict/20181224.htm", 
"https://citytoday.news/aadhaar-not-mandatory-for-admission-in-schools-uidai/", 
"https://indianexpress.com/article/cities/delhi/delhi-two-cops-leak-police-staff-exam-paper-suspended-5508320/", 
"https://indianexpress.com/article/education/do-not-make-aadhaar-mandatory-for-admission-uidai-to-schools-5508872/", 
"https://kashmirobserver.net/2018/regional-news/schools-cant-make-aadhaar-pre-condition-admission-uidai-38963", 
"https://telanganatoday.com/biometric-attendance-in-govt-schools-from-next-year-in-ts", 
"https://theprint.in/governance/review-petition-in-supreme-court-wants-aadhaar-verdict-re-examined/168526/", 
"https://timesofindia.indiatimes.com/business/india-business/aadhaar-twists-and-turns-in-the-biometric-tale/articleshow/67214195.cms", 
"https://timesofindia.indiatimes.com/business/india-business/companies-failing-to-comply-with-aadhaar-act-norms-may-be-liable-for-up-to-rs-1-cr-fine/articleshow/67337223.cms", 
"https://www.business-standard.com/article/pti-stories/aadhaar-twists-and-turns-in-the-biometric-tale-118122300091_1.html", 
"https://www.business-standard.com/article/pti-stories/cos-failing-to-comply-with-aadhaar-act-norms-may-be-liable-for-up-to-rs-1-cr-fine-119010100643_1.html", 
"https://www.business-standard.com/article/pti-stories/uidai-cautions-schools-not-to-insist-on-aadhaar-for-admission-118122500245_1.html", 
"https://www.dnaindia.com/business/report-govt-proposes-steep-penalty-for-companies-violating-aadhaar-act-2703075", 
"https://www.dnaindia.com/india/report-uidai-slams-schools-for-seeking-aadhaar-cards-for-admissions-2700441", 
"https://www.financialexpress.com/aadhar-card/aadhaar-twists-and-turns-in-the-biometric-tale/1422464/", 
"https://www.financialexpress.com/education-2/attention-parents-uidai-says-schools-insisting-on-aadhaar-for-admission-liable-for-contempt-of-court/1425117/", 
"https://www.firstpost.com/tech/news-analysis/aadhaar-privacy-debate-to-data-protection-regulation-to-intermediary-guidelines-heres-a-look-at-tech-policies-in-2018-5787331.html", 
"https://www.firstpost.com/tech/news-analysis/review-petition-filed-in-sc-seeking-re-examination-of-its-aadhaar-verdict-5790581.html", 
"https://www.firstpost.com/tech/news-analysis/uidai-asks-schools-to-ensure-no-child-is-denied-admission-for-lack-of-aadhaar-5790121.html", 
"https://www.freepressjournal.in/business/cos-failing-to-comply-with-aadhaar-act-norms-may-be-liable-for-up-to-rs-1-crore-fine/1426764", 
"https://www.hindustantimes.com/education/schools-cannot-make-aadhar-a-pre-condition-for-student-admission-uidai/story-SxesfsNHC2gkUOSIhsqzNL.html", 
"https://www.hindustantimes.com/india-news/failing-to-comply-with-aadhaar-act-norms-may-be-liable-for-up-to-1-crore-fine/story-kNlq6Zmps9SeZSWnyh9ASM.html", 
"https://www.indiatoday.in/business/story/aadhaar-twists-and-turns-in-the-biometric-tale-1415665-2018-12-23", 
"https://www.indiatvnews.com/news/india-review-petition-in-sc-against-its-verdict-on-aadhaar-s-constitutional-validity-495365", 
"https://www.latestly.com/india/information/aadhaar-act-upto-rs-1-crore-fine-for-companies-failing-to-comply-with-norms-567864.html", 
"https://www.latestly.com/india/information/aadhaar-rules-for-2018-19-from-bank-account-mobile-number-to-pan-know-what-needs-to-be-linked-and-what-not-562215.html", 
"https://www.latestly.com/india/politics/aadhaar-not-mandatory-for-bank-accounts-sim-cards-centre-clears-amendment-to-law-545171.html", 
"https://www.livemint.com/Companies/v42nIbMguCTEv6yUBnP8jN/UIDAI-cautions-schools-not-to-insist-on-Aadhaar-for-admissio.html", 
"https://www.livemint.com/Politics/N5BmkbN8vtOv1QzXvzgIlO/Companies-violating-Aadhaar-Act-provisions-may-be-fined-up-t.html", 
"https://www.livemint.com/Politics/OxRFMGl9sAbylGhuxUECAK/In-search-of-eKYC-20-Aadhaars-identity-crisis.html", 
"https://www.livemint.com/Politics/rjDSIK93AfDxLj8cctQXnM/Aadhaar-Twists-and-turns-in-the-biometric-tale.html", 
"https://www.medindia.net/news/stress-in-new-mothers-have-lasting-health-effects-184521-1.htm", 
"https://www.moneycontrol.com/news/india/review-petition-in-sc-against-its-aadhaar-verdict-3323121.html", 
"https://www.news18.com/news/india/companies-failing-to-comply-with-aadhaar-act-norms-may-be-liable-for-up-to-rs-1-crore-fine-1988713.html", 
"https://www.news18.com/news/india/petition-filed-in-sc-to-review-its-aadhaar-verdict-1982855.html", 
"https://www.news18.com/news/india/uidai-cautions-schools-not-to-insist-on-aadhaar-for-admission-1983231.html", 
"https://www.oneindia.com/india/2018-the-aadhaar-year-and-how-it-unfolded-2826878.html", 
