structure(list(ID = structure(66:1, .Label = c("1021270337", 
"1021632314", "1021658506", "1021786872", "1022146958", "1022696536", 
"1022705174", "1023125908", "1023252844", "1023274650", "1023323331", 
"1023791532", "1024016260", "1024030263", "1024296218", "1024430855", 
"1024503817", "1024509735", "1024526989", "1024575744", "1024680452", 
"1024991878", "1025017189", "1025453954", "1025518462", "1025657377", 
"1025664500", "1026295703", "1026296909", "1026300860", "1026318251", 
"1026327637", "1026524781", "1026586785", "1026703581", "1026774978", 
"1027146020", "1027149971", "1027352191", "1027967443", "1028301812", 
"1028380676", "1028394887", "1028481713", "1028701236", "1028702292", 
"1028774852", "1028843466", "1029033717", "1029147996", "1029181331", 
"1029221710", "1029463733", "1029480762", "1029502706", "1029847070", 
"1029847963", "1029852802", "1029921684", "1029945859", "1030084628", 
"1030092884", "1030273337", "1030299663", "1030454967", "1030575282"
), class = "factor"), url = structure(c(64L, 13L, 58L, 32L, 42L, 
52L, 24L, 11L, 5L, 19L, 39L, 33L, 41L, 22L, 57L, 56L, 45L, 6L, 
10L, 48L, 25L, 20L, 63L, 55L, 40L, 29L, 15L, 43L, 21L, 44L, 14L, 
47L, 16L, 46L, 38L, 17L, 53L, 60L, 36L, 1L, 9L, 49L, 28L, 30L, 
18L, 35L, 51L, 37L, 50L, 62L, 61L, 34L, 65L, 66L, 12L, 26L, 59L, 
2L, 3L, 23L, 54L, 27L, 8L, 7L, 4L, 31L), .Label = c("http://english.sakshi.com/national/2018/12/24/akshaya-patra-feeds-19-million-kids-every-day", 
"http://kanglaonline.com/2017/04/a-note-on-cheiraoba-as-practiced-by-meitei-hindus/#comment-115686", 
"http://pib.nic.in/newsite/PrintRelease.aspx?relid=186690", "http://risingkashmir.com/news/secy-edu-calls-for-student-centric-activity-based-learning-", 
"http://www.centralchronicle.com/number-of-children-declines-in-mp-govt-schools.html", 
"http://www.dailyexcelsior.com/2018-a-year-of-happenings/", "http://www.dailyexcelsior.com/secy-edu-stresses-on-student-centric-activity-based-learning/", 
"http://www.newindianexpress.com/cities/bengaluru/2018/dec/18/amid-onion-garlic-debate-govt-now-mulls-adding-fruits-in-mid-day-meal-1913087.html", 
"http://www.newindianexpress.com/cities/bengaluru/2018/dec/24/they-dig-graves-for-just-rs-1000-per-month-1915797.html", 
"http://www.newindianexpress.com/states/andhra-pradesh/2018/dec/29/health-edu-top-on-govt-agenda-says-naidu-1917980.html", 
"http://www.newindianexpress.com/states/andhra-pradesh/2018/dec/31/state-to-get-2000-more-nutri-gardens-soon-1918669.html", 
"http://www.newindianexpress.com/states/odisha/2018/dec/21/pakoda-in-egg-out-of-mdm-menu-amid-bird-flu-scare-1914547.html", 
"http://www.newindianexpress.com/states/odisha/2019/jan/01/panel-wants-stern-action-on-bungling-of-mdm-rice-1919039.html", 
"http://www.newindianexpress.com/states/telangana/2018/dec/26/quality-of-midday-meals-found-to-be-substandard-in-most-nagarkurnool-schools-1916472.html", 
"http://www.rediff.com/getahead/report/health-how-to-prepare-for-a-marathon-tips-for-first-timers/20181228.htm", 
"http://www.rediff.com/news/column/in-defence-of-farm-loan-waivers/20181226.htm", 
"http://www.sify.com/news/andhra-to-ensure-rs-10000-monthly-income-to-poor-families-news-national-smztJDicaeffa.html", 
"http://www.sify.com/news/fighting-hunger-this-ngo-feeds-19-million-children-every-day-ians-special-series-news-others-smxnafgigdjfc.html", 
"http://www.sify.com/news/trade-union-forum-seeks-universal-social-security-for-workers-news-others-sm5oEcfbdaeig.html", 
"https://indianexpress.com/article/education/govt-reviewing-mid-day-meal-scheme-in-terms-of-various-components-prakash-javadekar-5514725/", 
"https://indianexpress.com/article/explained/why-punjab-farmers-grapple-with-potato-glut-every-alternate-year-5511169/", 
"https://indianexpress.com/article/india/thane-rice-worth-rs-2-7-crore-meant-for-mid-day-meal-schemes-seized-5516150/", 
"https://indianexpress.com/article/parenting/learning/food-british-india-breakfasts-dinners-5500990/", 
"https://indianexpress.com/article/trending/trending-globally/year-ender-2018-15-good-things-that-happened-this-year-5517272/", 
"https://swarajyamag.com/insta/government-is-reviewing-the-mid-day-meal-scheme-hrd-minister-prakash-javadekar-informs-rajya-sabha", 
"https://telanganatoday.com/biometric-attendance-in-govt-schools-from-next-year-in-ts", 
"https://theprint.in/governance/why-onion-and-garlic-have-become-too-hot-to-handle-for-karnataka/166172/", 
"https://theprint.in/opinion/why-higher-msps-dont-really-help-the-indian-farmer-in-the-long-run/168062/", 
"https://timesofindia.indiatimes.com/blogs/jibber-jabber/the-rythu-bandhu-scheme-is-now-here-to-stay/", 
"https://timesofindia.indiatimes.com/city/chandigarh/p1hc-directs-punjab-haryana-ut-to-provide-wholesome-meal-under-mid-day-meal/articleshow/67212184.cms", 
"https://timesofindia.indiatimes.com/city/lucknow/oppn-unites-over-farmers-bulandshahr-against-govt/articleshow/67136334.cms", 
"https://timesofindia.indiatimes.com/city/thane/2-7cr-rice-meant-for-mid-day-meal-scheme-seized-3-arrested/articleshow/67330544.cms", 
"https://timesofindia.indiatimes.com/city/thane/rice-worth-rs-2-7-crore-meant-for-mid-day-meal-schemes-seized/articleshow/67314445.cms", 
"https://timesofindia.indiatimes.com/india/in-21st-century-india-caste-still-decides-what-you-do/articleshow/67201813.cms", 
"https://timesofindia.indiatimes.com/sports/cricket/news/dravid-laxman-kumble-and-srinath-relive-memories/articleshow/67210202.cms", 
"https://www.aninews.in/news/andhra-to-ensure-rs-10000-monthly-income-to-poor-families201812251901170001/", 
"https://www.apherald.com/Politics/ViewArticle/328710/Mid-day-meals-made-100-children-sick-in-Karnataka/", 
"https://www.business-standard.com/article/news-ani/andhra-to-ensure-rs-10-000-monthly-income-to-poor-families-118122500469_1.html", 
"https://www.business-standard.com/article/news-ians/trade-union-forum-seeks-universal-social-security-for-workers-118123100373_1.html", 
"https://www.business-standard.com/article/pti-stories/govt-reviewing-mid-day-meal-scheme-in-terms-of-various-components-rs-told-118122800982_1.html", 
"https://www.business-standard.com/article/pti-stories/rice-worth-rs-2-7-cr-meant-for-mid-day-meal-schemes-seized-118123000522_1.html", 
"https://www.business-standard.com/article/pti-stories/trade-unions-finalise-20-points-charter-demand-rs-18k-minimum-wage-118123100907_1.html", 
"https://www.clipper28.com/en/member-of-food-commission-visited-the-schools-of-ropar-and-hoshiarpur/", 
"https://www.dailypioneer.com/2018/state-editions/inbrief----inbrief----2018-12-27.html", 
"https://www.dnaindia.com/just-before-monday/report-good-wine-needs-no-bush-2701860", 
"https://www.dnaindia.com/mumbai/report-mulund-abhinav-shetkari-shikshan-mandal-chairman-mohan-patil-accused-of-fraud-2700455", 
"https://www.hindustantimes.com/patna/here-s-why-1-140-bihar-schools-are-facing-closure/story-UgX9tLon7xCvo0wtXeyIWJ.html", 
"https://www.hindustantimes.com/patna/proxy-attendance-for-mid-day-meal-funds-headmasters-salary-to-be-deducted-to-recover-penalty-of-rs-8-crore/story-q1ROrsc4w57xdnLM9cNnPL.html", 
"https://www.indiatimes.com/news/india/with-40-kitchens-across-12-states-this-ngo-aims-to-fight-hunger-by-feeding-50-lakh-kids-everyday-359157.html", 
"https://www.indiatoday.in/education-today/how-i-made-it/story/iron-lady-sujata-sahu-transforming-ladakh-mountain-schools-html-1414511-2018-12-21", 
"https://www.indiatoday.in/magazine/cover-story/story/20181231-the-new-bharat-1414222-2018-12-22", 
"https://www.indiatvnews.com/business/news-trade-unions-20-point-agenda-includes-rs-18-000-minimum-wage-social-security-cover-496497", 
"https://www.latestly.com/india/news/andhra-pradesh-cm-n-chandrababu-naidu-to-ensure-rs-10000-monthly-income-to-poor-families-557831.html", 
"https://www.livemint.com/Leisure/RcZA8CHTWaaLUziMKjjbcL/Millennials-make-the-most-of-DIY-meal-kits.html", 
"https://www.livemint.com/Politics/lfCkJNYwB4hQb3Af92OohJ/Govt-reviewing-Mid-Day-Meal-Scheme-in-terms-of-various-compo.html", 
