structure(list(ID = structure(c(36L, 35L, 34L, 33L, 32L, 31L, 
30L, 29L, 28L, 27L, 26L, 25L, 24L, 23L, 22L, 21L, 37L, 20L, 19L, 
18L, 17L, 16L, 15L, 14L, 13L, 12L, 11L, 10L, 9L, 8L, 7L, 6L, 
5L, 4L, 3L, 2L, 1L), .Label = c("1021699973", "1021846157", "1021884000", 
"1022597850", "1022723595", "1023215078", "1023695083", "1024043725", 
"1024350279", "1024369284", "1024378039", "1024387758", "1024392082", 
"1024392818", "1024403081", "1024483753", "1024500149", "1024517920", 
"1024598065", "1024907186", "1025888260", "1025894529", "1026412750", 
"1026844441", "1027146019", "1028482153", "1028831630", "1029111061", 
"1029263350", "1029263509", "1029314617", "1029338722", "1029455347", 
"1030306033", "1030436732", "1030439288", "b-1025251008"), class = "factor"), 
    url = structure(c(9L, 18L, 10L, 23L, 29L, 22L, 28L, 31L, 
    8L, 6L, 13L, 37L, 15L, 1L, 12L, 2L, 3L, 14L, 17L, 5L, 26L, 
    19L, 11L, 33L, 30L, 36L, 24L, 32L, 21L, 25L, 4L, 34L, 27L, 
    20L, 35L, 16L, 7L), .Label = c("http://risingkashmir.com/news/shujaatbukhari-an-icon-of-peace-journalism", 
    "http://risingkashmir.com/news/what-is-wrong-with-semester-system", 
    "http://www.lawweb.in/2018/12/whether-court-should-rely-on-school.html", 
    "http://www.mondaq.com/uk/x/766304/employee%2Brights%2Blabour%2Brelations/Employment%2BLaw%2B2018%2BReview%2BAnother%2BYear%2BNearly%2BOver", 
    "http://www.newindianexpress.com/sport/cricket/2018/dec/22/disgraced-cameron-bancroft-reveals-he-almost-gave-up-cricket-for-yoga-1915094.html", 
    "http://www.newindianexpress.com/states/karnataka/2018/dec/29/wheels-of-change-1918013.html", 
    "http://www.newindianexpress.com/states/kerala/2018/dec/18/expressing-opinion-on-social-media-cannot-be-treated-as-criticism-hc-1912982.html", 
    "http://www.theshillongtimes.com/2018/12/30/undaunted/", 
    "https://inc42.com/features/2018-in-review-10-of-the-biggest-startup-failures-in-india", 
    "https://indianexpress.com/article/cities/chandigarh/contractor-works-on-govt-rest-house-for-vips-morni-villagers-keep-waiting-for-the-bridge-5517752/", 
    "https://indianexpress.com/article/education/himachal-pradesh-hc-seeks-affidavit-on-mechanism-to-check-absenteeism-of-school-teachers-5505055/", 
    "https://indianexpress.com/article/opinion/columns/india-education-system-hrd-ministry-mind-the-knowledge-gap-5508216/", 
    "https://indianexpress.com/article/world/bangladesh-bnp-ram-madhav-mirza-fakhrul-islam-alamgir-india-5514334/", 
    "https://scroll.in/field/906644/almost-gave-up-cricket-for-yoga-in-aftermath-of-ball-tampering-scandal-reveals-cameron-bancroft", 
    "https://scroll.in/field/907018/i-didnt-know-any-better-cameron-bancroft-says-warner-suggested-tampering-with-ball-in-cape-town", 
    "https://scroll.in/latest/906177/kerala-reinstate-professor-suspended-for-criticising-university-orders-high-court", 
    "https://swarajyamag.com/insta/himachal-pradesh-high-court-enquires-about-the-mechanism-used-by-government-to-check-teacher-absenteeism", 
    "https://swarajyamag.com/magazine/editing-genes-and-ethics-the-downsides-of-tinkering-with-biology", 
    "https://taasir.com/english/disgraced-cameron-bancroft-reveals-he-almost-gave-up-cricket-for-yoga/", 
    "https://timesofindia.indiatimes.com/india/hydel-project-in-arunachal-threatening-a-dalai-lama/articleshow/67170458.cms", 
    "https://timesofindia.indiatimes.com/sports/cricket/news/cameron-bancroft-reveals-he-almost-gave-up-cricket-for-yoga-after-ball-tampering-row/articleshow/67202595.cms", 
    "https://timesofindia.indiatimes.com/world/rest-of-world/indonesias-latest-tsunami-raises-global-questions-over-disaster-preparedness/articleshow/67309471.cms", 
    "https://www.business-standard.com/article/international/clashes-mar-bangladesh-polls-oppn-candidates-pull-out-citing-vote-rigging-118123000517_1.html", 
    "https://www.business-standard.com/article/pti-stories/disgraced-bancroft-reveals-he-almost-gave-up-cricket-for-yoga-118122200100_1.html", 
    "https://www.business-standard.com/article/pti-stories/hp-hc-seeks-affidavit-on-mechanism-to-check-absenteeism-of-school-teachers-118122101154_1.html", 
    "https://www.dnaindia.com/cricket/report-cameron-bancroft-reveals-he-almost-gave-up-cricket-for-yoga-2699011", 
    "https://www.dnaindia.com/india/report-assembly-bypolls-polling-underway-in-gujarat-s-jasdan-jharkhand-s-kolebira-results-on-dec-23-2698301", 
    "https://www.dnaindia.com/world/report-indonesia-s-latest-tsunami-raises-global-questions-over-disaster-preparedness-2702110", 
    "https://www.firstpost.com/world/indonesias-latest-tsunami-raises-global-questions-over-disaster-preparedness-highlights-need-for-much-research-5812951.html", 
    "https://www.hindustantimes.com/cricket/cameron-bancroft-reveals-he-almost-gave-up-cricket-for-yoga-after-ball-tampering-scandal/story-yRoVHCuwpugb8smhLUwfSN.html", 
    "https://www.investing.com/news/world-news/indonesias-latest-tsunami-raises-global-questions-over-disaster-preparedness-1733199", 
    "https://www.latestly.com/agency-news/disgraced-bancroft-reveals-he-almost-gave-up-cricket-for-yoga-553239.html", 
    "https://www.thehindu.com/sport/cricket/disgraced-bancroft-reveals-he-almost-gave-up-cricket-for-yoga/article25805838.ece", 
    "https://www.thehindubusinessline.com/opinion/why-are-our-cities-so-prone-to-political-violence/article25790916.ece", 
    "https://www.thequint.com/news/india/kerala-high-court-directs-reinstatement-of-suspended-professor-prasad-pannian", 
    "https://www.thequint.com/sports/cricket/cameron-bancroft-almost-became-yoga-teacher", 
    "https://www.tribuneindia.com/news/himachal/slow-industrial-growth-resentment-among-teachers-a-challenge/704419.html"
    ), class = "factor"), details = list(structure(list(uri = c("bhumika_k@inc42.com", 
    "suprita_a@inc42.com", "dipen_p@inc42.com", "meha_a@inc42.com", 
    "shreya_g@inc42.com"), name = c("Bhumika K.", "Suprita A.", 
    "Dipen P.", "Meha A.", "Shreya G."), type = c("author", "author", 
    "author", "author", "author"), isAgency = c(FALSE, FALSE, 
    FALSE, FALSE, FALSE)), class = "data.frame", row.names = c(NA, 
    5L)), structure(list(uri = "rajeev_srinivasan@swarajyamag.com", 
        name = "Rajeev Srinivasan", type = "author", isAgency = FALSE), class = "data.frame", row.names = 1L), 
        structure(list(uri = "hina_rohtaki@indianexpress.com", 
            name = "Hina Rohtaki", type = "author", isAgency = FALSE), class = "data.frame", row.names = 1L), 
        structure(list(uri = "reuters@business-standard.com", 
            name = "Reuters", type = "author", isAgency = TRUE), class = "data.frame", row.names = 1L), 
        structure(list(uri = "reuters@firstpost.com", name = "Reuters", 
            type = "author", isAgency = TRUE), class = "data.frame", row.names = 1L), 
        structure(list(uri = "reuters@timesofindia.indiatimes.com", 
            name = "Reuters", type = "author", isAgency = TRUE), class = "data.frame", row.names = 1L), 
        structure(list(), .Names = character(0), row.names = integer(0), class = "data.frame"), 
        structure(list(uri = "reuters@investing.com", name = "Reuters", 
            type = "author", isAgency = FALSE), class = "data.frame", row.names = 1L), 
        structure(list(), .Names = character(0), row.names = integer(0), class = "data.frame"), 
        structure(list(uri = "http@newindianexpress.com", name = "http", 
            type = "author", isAgency = FALSE), class = "data.frame", row.names = 1L), 
        structure(list(uri = "shubhajit_roy@indianexpress.com", 
            name = "Shubhajit Roy", type = "author", isAgency = FALSE), class = "data.frame", row.names = 1L), 
        structure(list(), .Names = character(0), row.names = integer(0), class = "data.frame"), 
        structure(list(), .Names = character(0), row.names = integer(0), class = "data.frame"), 
        structure(list(), .Names = character(0), row.names = integer(0),