structure(list(ID = structure(c(61L, 64L, 63L, 60L, 59L, 58L, 
57L, 62L, 56L, 55L, 54L, 53L, 52L, 51L, 50L, 49L, 48L, 47L, 46L, 
45L, 44L, 43L, 42L, 41L, 40L, 39L, 38L, 37L, 36L, 35L, 34L, 33L, 
32L, 31L, 30L, 29L, 28L, 27L, 26L, 25L, 24L, 71L, 23L, 22L, 21L, 
20L, 19L, 18L, 70L, 17L, 16L, 15L, 14L, 69L, 68L, 13L, 12L, 11L, 
10L, 9L, 8L, 67L, 7L, 6L, 5L, 4L, 3L, 66L, 65L, 2L, 1L), .Label = c("1019544221", 
"1019937859", "1020431005", "1020476485", "1020621624", "1020689914", 
"1020710355", "1020773512", "1020788714", "1021636528", "1021802815", 
"1021816263", "1021865103", "1022251673", "1022251674", "1022622129", 
"1022704519", "1023717558", "1023726410", "1024231778", "1024436117", 
"1024525983", "1024812654", "1025792585", "1026529585", "1026554635", 
"1026578144", "1026749372", "1027104604", "1027112598", "1027131288", 
"1027178060", "1027197485", "1027197936", "1027203290", "1027205188", 
"1027214277", "1027215321", "1027219705", "1027220185", "1027220847", 
"1027225555", "1027229384", "1027231413", "1027243745", "1027259789", 
"1027259838", "1027261086", "1027263178", "1027265871", "1027268560", 
"1027296798", "1027306232", "1027410574", "1027469257", "1027880800", 
"1028471015", "1028471388", "1028484291", "1029021644", "1030301565", 
"2018-12-1028219359", "b-1029314781", "b-1029850348", "p-1020266056", 
"p-1020420574", "p-1020733881", "p-1021904684", "p-1021957130", 
"p-1023657884", "p-1025404213"), class = "factor"), url = structure(c(32L, 
40L, 39L, 65L, 5L, 26L, 66L, 19L, 42L, 56L, 15L, 58L, 35L, 8L, 
54L, 37L, 50L, 68L, 55L, 49L, 25L, 34L, 69L, 6L, 21L, 41L, 27L, 
47L, 53L, 51L, 57L, 45L, 22L, 36L, 43L, 52L, 18L, 28L, 71L, 31L, 
70L, 20L, 7L, 16L, 48L, 30L, 46L, 10L, 64L, 29L, 24L, 1L, 2L, 
63L, 62L, 13L, 12L, 33L, 14L, 11L, 23L, 61L, 4L, 9L, 67L, 44L, 
3L, 60L, 59L, 38L, 17L), .Label = c("http://heraldkeeper.com/market/global-service-robotics-market-anticipated-grow-us-24-00-billion-2022-202813.html", 
"http://heraldkeeper.com/market/service-robotics-market-anticipated-grow-us-23-billion-2022-202815.html", 
"http://pib.nic.in/newsite/PrintRelease.aspx?relid=186498", "http://risingkashmir.com/news/coaching-centers-in-bpora-directed-to-follow-guidelines", 
"http://risingkashmir.com/news/publishing-company-fined-rs-75000-by-lmd", 
"http://www.asianage.com/india/all-india/271218/portfolios-allocated-to-ministers-in-rajasthan-gehlot-keeps-9-pilot-5.html", 
"http://www.assamtribune.com/scripts/detailsnew.asp?id=dec2318%2Fstate056", 
"http://www.dailyexcelsior.com/rajasthan-ministers-allocated-portfolios-gehlot-keeps-9-including-home-and-finance/", 
"http://www.easternmirrornagaland.com/suggestive-measures-on-educational-perspective/", 
"http://www.expressbpd.com/pharma/latest-updates/it-is-imperative-for-companies-today-to-identify-new-engines-of-growth-and-invest-more-in-innovation-dilip-sanghvi/407858/", 
"http://www.jantakareporter.com/india/two-students-die-after-school-wall-collapses-in-noida/223854/", 
"http://www.mondaq.com/china/x/765864/Security/Cyber%2BSecurity%2BSeries%2BPersonal%2BInformation%2BProtection%2BOf%2BFinancial%2Binstitutions", 
"http://www.newindianexpress.com/cities/chennai/2018/dec/18/holy-matri-money-1913299.html", 
"http://www.newindianexpress.com/nation/2018/dec/18/bihar-school-segregates-students-on-caste-lines-1913196.html", 
"http://www.newindianexpress.com/nation/2018/dec/27/rajasthan-ministers-allocated-portfolios-cm-ashok-gehlot-keeps-9-including-home-and-finance-1917162.html", 
"http://www.newindianexpress.com/states/andhra-pradesh/2018/dec/22/college-denies-faking-faculty-1915003.html", 
"http://www.newindianexpress.com/states/karnataka/2018/dec/15/quality-of-bicycles-given-to-school-kids-satisfactory-reveals-report-1911879.html", 
"http://www.newindianexpress.com/states/odisha/2018/dec/26/governor-stress-on-teachers-role-1916668.html", 
"http://www.newindianexpress.com/states/tamil-nadu/2018/dec/28/digitisation-of-edu-records-will-curb-frauds-say-experts-1917407.html", 
"http://www.pressreleasepoint.com/what-partial-government-shutdown-means-city-leaders", 
"http://www.rediff.com/news/report/portfolios-allocated-to-ministers-in-rajasthan-gehlot-keeps-9-pilot-5/20181227.htm", 
"http://zeenews.india.com/portfolios-allocated-to-rajasthan-ministers-cm-ashok-gehlot-keeps-9-deputy-cm-sachin-pilot-5-2166134.html", 
"https://indianexpress.com/article/delhi/noida-2-students-dead-5-injured-in-salarpur-school-wall-collapse-5498157/", 
"https://indianexpress.com/article/education/in-bihar-school-students-made-to-sit-caste-wise-to-identify-dole-beneficiaries-5501373/", 
"https://indianexpress.com/article/india/rajasthan-portfolios-allocation-ashok-gehlot-sachin-pilot-rahul-gandhi-congress-5511272/", 
"https://kashmirobserver.net/2018/city-news/publisher-fined-selling-books-higher-rates-39061", 
"https://newsroompost.com/featured-5/rajasthan-cabinet-portfolios-allocated-cm-ashok-gehlot-keeps-9-departments-sachin-pilot-keeps-5/424086.html", 
"https://timesofindia.indiatimes.com/city/delhi/fat-is-in-the-fire-private-schools-found-wanting-on-food-safety/articleshow/67248795.cms", 
"https://timesofindia.indiatimes.com/city/delhi/school-survey-causes-fresh-govt-corpn-rift/articleshow/67169561.cms", 
"https://timesofindia.indiatimes.com/city/gurgaon/students-allege-sexual-harassment-by-teacher-in-badshapur/articleshow/67201220.cms", 
"https://timesofindia.indiatimes.com/city/jaipur/reforms-by-previous-raje-govt-in-education-will-be-evaluated/articleshow/67248611.cms", 
"https://timesofindia.indiatimes.com/city/mumbai/remove-virginity-test-from-medical-textbooks-doctor/articleshow/67331226.cms", 
"https://timesofindia.indiatimes.com/city/noida/education-dept-to-inspect-all-primary-schools/articleshow/67153452.cms", 
"https://www.abplive.in/india-news/rajasthan-governor-kalyan-singh-allocates-portfolios-to-ministers-cm-gehlot-keeps-9-pilot-gets-5-884777", 
"https://www.business-standard.com/article/elections/rajasthan-ministers-get-portfolios-gehlot-keeps-nine-gives-five-to-pilot-118122700180_1.html", 
"https://www.business-standard.com/article/pti-stories/portfolios-allocated-to-ministers-in-rajasthan-gehlot-keeps-9-pilot-5-118122700064_1.html", 
"https://www.business-standard.com/article/pti-stories/rajasthan-ministers-allocated-portfolios-gehlot-keeps-9-including-home-and-finance-118122700180_1.html", 
"https://www.businessinsider.in/jakelin-caal-the-7-year-old-who-died-in-dhs-custody-isnt-the-first-immigrant-child-to-pass-away-after-government-detainment-her-death-shows-not-much-has-changed/articleshow/67120024.cms", 
"https://www.chennaiclassic.com/1-Chennai/posts/3/20-Engineers-Technical/5288987-Hiring-for-Urgent-Required-Site-Engineers-for-Isspl-Chennai-in-Chennai-for-Exp-5-10-yrs-at-IRCL.html", 
"https://www.chennaiclassic.com/1-Chennai/posts/3/20-Engineers-Technical/5289703-Hiring-for-Urgent-Required-Site-Engineers-for-Isspl-Chennai-in-Chennai-for-Exp-5-10-yrs-at-IRCL.html", 
"https://www.deccanchronicle.com/nation/current-affairs/271218/portfolios-allocated-to-ministers-in-rajasthan-gehlot-keeps-9-pilot.html", 
"https://www.dnaindia.com/jaipur/report-rajasthan-ministers-of-state-get-a-free-hand-in-running-their-departments-2701196", 
"https://www.financialexpress.com/india-news/rajasthan-cabinet-portfolios-allocated-chief-minister-ashok-gehlot-keeps-9-departments-sachin-pilot-keeps-5-check-full-list/1425844/", 
"https://www.financialexpress.com/india-news/rajasthan-full-list-of-cabinet-ministers-2018-ashok-gehlot-cm-sachin-pilot-deputy-cm-check-raj-council-of-ministers-here/1416605/", 
"https://www.firstpost.com/politics/portfolios-allocated-in-rajasthan-cm-ashok-gehlot-keeps-home-and-finance-with-himself-sachin-pilot-gets-5-including-pwd-rural-development-5796311.html", 
"https://www.hindustantimes.com/education/here-s-why-jharkhand-government-is-planning-to-shut-6-646-schools/story-Dc4yti1lzbBXHu9p5rHfkK.html", 
